-9.381797752808989
-1.8106533333333332
-8.613591160220993
-3.2393251533742333
-3.239417177914111
-9.40340909090909
-9.375227272727273
-1.1511473880597014
-7.989578947368421
-10.190595238095238
-9.369204545454544
-8.057842105263159
-9.36375
-9.375227272727273
-8.079052631578948
-9.420170454545454
2.7383755274261605
-9.327627118644067
-2.770304054054054
-2.020273127753304
-8.052565445026179
-10.24422619047619
-8.511686046511628
0.5165721247563353
-10.17232142857143
1.8329294274300931
-10.250238095238096
-9.391988636363635
-10.226011904761906
-1.6574032258064515
-8.110315789473685
-8.12642105263158
-3.3985294117647062
-10.232202380952382
-9.494204545454545
-3.3854575163398697
-2.8987623066104082
-9.570677966101695
-3.6074785100286535
-3.6762794117647055
-10.31396449704142
-10.218934911242604
1.3950107719928186
-10.404880952380953
-10.143620689655172
1.295940594059406
-9.853859649122807
1.4080957562568008
-10.410833333333334
-10.43434523809524
-10.404880952380953
-10.392857142857144
-8.424922279792746
-3.5318817733990153
-10.422857142857143
-10.405119047619047
-8.4321875
-10.422857142857143
-3.600871921182266
-10.422857142857143
-10.428333333333333
-10.440357142857144
-10.434166666666668
-1.0856185567010308
-3.5989950495049507
-8.489635416666667
-8.448125
-8.860813953488373
-8.448125
-10.375357142857142
-10.434166666666668
-8.520677083333334
-10.428333333333333
-3.604173267326733
-8.427291666666667
-8.447968750000001
-10.434166666666668
-3.2098196721311476
-8.484114583333335
-8.4321875
-3.5991089108910894
0.6700876288659793
-10.39875
-10.398869047619048
-10.39875
-8.45828125
3.3500977198697064
-3.189601307189543
-10.668816568047339
-3.41125
-8.473697916666667
-10.568622754491017
-10.557065868263473
-9.745649717514125
