1 0.997872 0.197303 0.0494519 0.197303 0.167219 0.197303 0.197303 -0.733829 0.197303 -0.112111 0.876867 0.197303 0.997872 0.186314 -0.729835 0.186314 0.247795 0.186314 0.0659453 0.200529 0.200529 0.0811779 -0.276633 0.186314 0.186314 0.197303 0.475228 0.00280118 0.873882 0.876867 0.281145 0.632882 0.63729 0.57082599999999994 0.242784 0.993593
0.997872 1 0.198636 0.0499451 0.198636 0.168361 0.198636 0.198636 -0.732376 0.198636 -0.111664 0.878292 0.198636 1 0.187423 -0.728394 0.187423 0.240447 0.187423 0.0666149 0.201855 0.201855 0.0817277 -0.276361 0.187423 0.187423 0.198636 0.474076 0.00306531 0.871139 0.874127 0.27938 0.628506 0.632916 0.570164 0.23536 0.991442
0.197303 0.198636 1 -0.0167851 1 0.772207 1 1 -0.16818 1 -0.0444608 -0.294138 1 0.198636 0.820699 -0.174865 0.820699 -0.0775638 0.820699 0.519136 0.99145 0.99145 -0.0210191 -0.0770408 0.820699 0.820699 1 0.0634647 -0.0338968 -0.295933 -0.294138 -0.545116 -0.217395 -0.216084 -0.20376 -0.0758461 0.197663
0.0494519 0.0499451 -0.0167851 1 -0.0167851 -0.0486086 -0.0167851 -0.0167851 -0.00879656 -0.0167851 0.0416744 0.0568948 -0.0167851 0.0499451 -0.0457655 -0.00739917 -0.0457655 -0.0510781 -0.0457655 0.0391398 -0.0160161 -0.0160161 -0.0233756 -0.0304267 -0.0457655 -0.0457655 -0.0167851 0.0591091 -0.0133873 0.0566076 0.0568948 0.0596995 -0.125872 -0.12531 -0.111467 -0.0505387 0.049382
0.197303 0.198636 1 -0.0167851 1 0.772207 1 1 -0.16818 1 -0.0444608 -0.294138 1 0.198636 0.820699 -0.174865 0.820699 -0.0775638 0.820699 0.519136 0.99145 0.99145 -0.0210191 -0.0770408 0.820699 0.820699 1 0.0634647 -0.0338968 -0.295933 -0.294138 -0.545116 -0.217395 -0.216084 -0.20376 -0.0758461 0.197663
0.167219 0.168361 0.772207 -0.0486086 0.772207 1 0.772207 0.772207 -0.100084 0.772207 -0.0303066 -0.212533 0.772207 0.168361 0.94596 -0.108015 0.94596 -0.0725274 0.94596 -0.0661517 0.779058 0.779058 -0.0508217 -0.0661517 0.94596 0.94596 0.772207 0.108773 -0.0291058 -0.213978 -0.212533 -0.370736 -0.163102 -0.162002 -0.147808 -0.0710928 0.167512
0.197303 0.198636 1 -0.0167851 1 0.772207 1 1 -0.16818 1 -0.0444608 -0.294138 1 0.198636 0.820699 -0.174865 0.820699 -0.0775638 0.820699 0.519136 0.99145 0.99145 -0.0210191 -0.0770408 0.820699 0.820699 1 0.0634647 -0.0338968 -0.295933 -0.294138 -0.545116 -0.217395 -0.216084 -0.20376 -0.0758461 0.197663
0.197303 0.198636 1 -0.0167851 1 0.772207 1 1 -0.16818 1 -0.0444608 -0.294138 1 0.198636 0.820699 -0.174865 0.820699 -0.0775638 0.820699 0.519136 0.99145 0.99145 -0.0210191 -0.0770408 0.820699 0.820699 1 0.0634647 -0.0338968 -0.295933 -0.294138 -0.545116 -0.217395 -0.216084 -0.20376 -0.0758461 0.197663
-0.733829 -0.732376 -0.16818 -0.00879656 -0.16818 -0.100084 -0.16818 -0.16818 1 -0.16818 0.212904 -0.632164 -0.16818 -0.732376 -0.132591 0.992276 -0.132591 -0.1754 -0.132591 -0.0954383 -0.174065 -0.174065 -0.0607256 0.314444 -0.132591 -0.132591 -0.16818 0.248985 -0.0347778 -0.62678 -0.632164 0.309805 -0.48273 -0.489096 -0.434332 -0.1719 -0.732168
0.197303 0.198636 1 -0.0167851 1 0.772207 1 1 -0.16818 1 -0.0444608 -0.294138 1 0.198636 0.820699 -0.174865 0.820699 -0.0775638 0.820699 0.519136 0.99145 0.99145 -0.0210191 -0.0770408 0.820699 0.820699 1 0.0634647 -0.0338968 -0.295933 -0.294138 -0.545116 -0.217395 -0.216084 -0.20376 -0.0758461 0.197663
-0.112111 -0.111664 -0.0444608 0.0416744 -0.0444608 -0.0303066 -0.0444608 -0.0444608 0.212904 -0.0444608 1 -0.0872046 -0.0444608 -0.111664 -0.0249664 0.215967 -0.0249664 -0.0367892 -0.0249664 -0.0403177 -0.0435842 -0.0435842 -0.0309745 0.0130502 -0.0249664 -0.0249664 -0.0444608 0.115916 -0.0177392 -0.0879817 -0.0872046 0.123983 -0.0991084 -0.0984382 -0.0781497 -0.0358644 -0.113528
0.876867 0.878292 -0.294138 0.0568948 -0.294138 -0.212533 -0.294138 -0.294138 -0.632164 -0.294138 -0.0872046 1 -0.294138 0.878292 -0.217601 -0.625019 -0.217601 0.272322 -0.217601 -0.188296 -0.286827 -0.286827 0.0899546 -0.231922 -0.217601 -0.217601 -0.294138 0.431355 0.0195257 0.9939 0.995939 0.538382 0.718971 0.722632 0.655425 0.266523 0.87042
0.197303 0.198636 1 -0.0167851 1 0.772207 1 1 -0.16818 1 -0.0444608 -0.294138 1 0.198636 0.820699 -0.174865 0.820699 -0.0775638 0.820699 0.519136 0.99145 0.99145 -0.0210191 -0.0770408 0.820699 0.820699 1 0.0634647 -0.0338968 -0.295933 -0.294138 -0.545116 -0.217395 -0.216084 -0.20376 -0.0758461 0.197663
0.997872 1 0.198636 0.0499451 0.198636 0.168361 0.198636 0.198636 -0.732376 0.198636 -0.111664 0.878292 0.198636 1 0.187423 -0.728394 0.187423 0.240447 0.187423 0.0666149 0.201855 0.201855 0.0817277 -0.276361 0.187423 0.187423 0.198636 0.474076 0.00306531 0.871139 0.874127 0.27938 0.628506 0.632916 0.570164 0.23536 0.991442
0.186314 0.187423 0.820699 -0.0457655 0.820699 0.94596 0.820699 0.820699 -0.132591 0.820699 -0.0249664 -0.217601 0.820699 0.187423 1 -0.141367 1 -0.0642554 1 -0.0622825 0.82775 0.82775 -0.0478492 -0.0622825 1 1 0.820699 0.0938938 -0.0274034 -0.219003 -0.217601 -0.412255 -0.162303 -0.161257 -0.150141 -0.0628773 0.186805
-0.729835 -0.728394 -0.174865 -0.00739917 -0.174865 -0.108015 -0.174865 -0.174865 0.992276 -0.174865 0.215967 -0.625019 -0.174865 -0.728394 -0.141367 1 -0.141367 -0.173045 -0.141367 -0.0939865 -0.180875 -0.180875 -0.0595424 0.318106 -0.141367 -0.141367 -0.174865 0.244674 -0.0341001 -0.624168 -0.625019 0.310184 -0.479288 -0.481129 -0.431619 -0.169561 -0.732828
0.186314 0.187423 0.820699 -0.0457655 0.820699 0.94596 0.820699 0.820699 -0.132591 0.820699 -0.0249664 -0.217601 0.820699 0.187423 1 -0.141367 1 -0.0642554 1 -0.0622825 0.82775 0.82775 -0.0478492 -0.0622825 1 1 0.820699 0.0938938 -0.0274034 -0.219003 -0.217601 -0.412255 -0.162303 -0.161257 -0.150141 -0.0628773 0.186805
0.247795 0.240447 -0.0775638 -0.0510781 -0.0775638 -0.0725274 -0.0775638 -0.0775638 -0.1754 -0.0775638 -0.0367892 0.272322 -0.0775638 0.240447 -0.0642554 -0.173045 -0.0642554 1 -0.0642554 -0.0393704 -0.0760582 -0.0760582 -0.0148088 -0.0695124 -0.0642554 -0.0642554 -0.0775638 0.1261 -0.0305844 0.280451 0.28074 0.152347 0.187206 0.18797 -0.14702 0.991257 0.24864
0.186314 0.187423 0.820699 -0.0457655 0.820699 0.94596 0.820699 0.820699 -0.132591 0.820699 -0.0249664 -0.217601 0.820699 0.187423 1 -0.141367 1 -0.0642554 1 -0.0622825 0.82775 0.82775 -0.0478492 -0.0622825 1 1 0.820699 0.0938938 -0.0274034 -0.219003 -0.217601 -0.412255 -0.162303 -0.161257 -0.150141 -0.0628773 0.186805
0.0659453 0.0666149 0.519136 0.0391398 0.519136 -0.0661517 0.519136 0.519136 -0.0954383 0.519136 -0.0403177 -0.188296 0.519136 0.0666149 -0.0622825 -0.0939865 -0.0622825 -0.0393704 -0.0622825 1 0.493654 0.493654 0.0348607 -0.0414079 -0.0622825 -0.0622825 0.519136 -0.0295938 -0.0182189 -0.189335 -0.188296 -0.335527 -0.136961 -0.136234 -0.131337 -0.0384314 0.0658401
0.200529 0.201855 0.99145 -0.0160161 0.99145 0.779058 0.99145 0.99145 -0.174065 0.99145 -0.0435842 -0.286827 0.99145 0.201855 0.82775 -0.180875 0.82775 -0.0760582 0.82775 0.493654 1 1 -0.0202373 -0.0763414 0.82775 0.82775 0.99145 0.0604417 -0.0335891 -0.288595 -0.286827 -0.542539 -0.212331 -0.211035 -0.199132 -0.0743506 0.200923
0.200529 0.201855 0.99145 -0.0160161 0.99145 0.779058 0.99145 0.99145 -0.174065 0.99145 -0.0435842 -0.286827 0.99145 0.201855 0.82775 -0.180875 0.82775 -0.0760582 0.82775 0.493654 1 1 -0.0202373 -0.0763414 0.82775 0.82775 0.99145 0.0604417 -0.0335891 -0.288595 -0.286827 -0.542539 -0.212331 -0.211035 -0.199132 -0.0743506 0.200923
0.0811779 0.0817277 -0.0210191 -0.0233756 -0.0210191 -0.0508217 -0.0210191 -0.0210191 -0.0607256 -0.0210191 -0.0309745 0.0899546 -0.0210191 0.0817277 -0.0478492 -0.0595424 -0.0478492 -0.0148088 -0.0478492 0.0348607 -0.0202373 -0.0202373 1 0.0348607 -0.0478492 -0.0478492 -0.0210191 0.0370821 -0.0139968 0.0897287 0.0899546 0.0437294 0.162648 0.162913 0.166724 -0.0139824 0.0813244
-0.276633 -0.276361 -0.0770408 -0.0304267 -0.0770408 -0.0661517 -0.0770408 -0.0770408 0.314444 -0.0770408 0.0130502 -0.231922 -0.0770408 -0.276361 -0.0622825 0.318106 -0.0622825 -0.0695124 -0.0622825 -0.0414079 -0.0763414 -0.0763414 0.0348607 1 -0.0622825 -0.0622825 -0.0770408 0.0128761 -0.0182189 -0.233068 -0.231922 0.0569201 -0.166017 -0.165258 -0.146266 -0.0687783 -0.279291
0.186314 0.187423 0.820699 -0.0457655 0.820699 0.94596 0.820699 0.820699 -0.132591 0.820699 -0.0249664 -0.217601 0.820699 0.187423 1 -0.141367 1 -0.0642554 1 -0.0622825 0.82775 0.82775 -0.0478492 -0.0622825 1 1 0.820699 0.0938938 -0.0274034 -0.219003 -0.217601 -0.412255 -0.162303 -0.161257 -0.150141 -0.0628773 0.186805
0.186314 0.187423 0.820699 -0.0457655 0.820699 0.94596 0.820699 0.820699 -0.132591 0.820699 -0.0249664 -0.217601 0.820699 0.187423 1 -0.141367 1 -0.0642554 1 -0.0622825 0.82775 0.82775 -0.0478492 -0.0622825 1 1 0.820699 0.0938938 -0.0274034 -0.219003 -0.217601 -0.412255 -0.162303 -0.161257 -0.150141 -0.0628773 0.186805
0.197303 0.198636 1 -0.0167851 1 0.772207 1 1 -0.16818 1 -0.0444608 -0.294138 1 0.198636 0.820699 -0.174865 0.820699 -0.0775638 0.820699 0.519136 0.99145 0.99145 -0.0210191 -0.0770408 0.820699 0.820699 1 0.0634647 -0.0338968 -0.295933 -0.294138 -0.545116 -0.217395 -0.216084 -0.20376 -0.0758461 0.197663
0.475228 0.474076 0.0634647 0.0591091 0.0634647 0.108773 0.0634647 0.0634647 0.248985 0.0634647 0.115916 0.431355 0.0634647 0.474076 0.0938938 0.244674 0.0938938 0.1261 0.0938938 -0.0295938 0.0604417 0.0604417 0.0370821 0.0128761 0.0938938 0.0938938 0.0634647 1 -0.0410501 0.434074 0.431355 0.802075 0.277058 0.275096 0.25127 0.123488 0.468246
0.00280118 0.00306531 -0.0338968 -0.0133873 -0.0338968 -0.0291058 -0.0338968 -0.0338968 -0.0347778 -0.0338968 -0.0177392 0.0195257 -0.0338968 0.00306531 -0.0274034 -0.0341001 -0.0274034 -0.0305844 -0.0274034 -0.0182189 -0.0335891 -0.0335891 -0.0139968 -0.0182189 -0.0274034 -0.0274034 -0.0338968 -0.0410501 1 0.0193183 0.0195257 -0.0141994 0.0611886 0.0613755 0.0735879 -0.0302615 0.00255953
0.873882 0.871139 -0.295933 0.0566076 -0.295933 -0.213978 -0.295933 -0.295933 -0.62678 -0.295933 -0.0879817 0.9939 -0.295933 0.871139 -0.219003 -0.624168 -0.219003 0.280451 -0.219003 -0.189335 -0.288595 -0.288595 0.0897287 -0.233068 -0.219003 -0.219003 -0.295933 0.434074 0.0193183 1 0.997971 0.541741 0.725722 0.725332 0.65832 0.274707 0.875776
0.876867 0.874127 -0.294138 0.0568948 -0.294138 -0.212533 -0.294138 -0.294138 -0.632164 -0.294138 -0.0872046 0.995939 -0.294138 0.874127 -0.217601 -0.625019 -0.217601 0.28074 -0.217601 -0.188296 -0.286827 -0.286827 0.0899546 -0.231922 -0.217601 -0.217601 -0.294138 0.431355 0.0195257 0.997971 1 0.538382 0.723029 0.726685 0.655425 0.274999 0.874611
0.281145 0.27938 -0.545116 0.0596995 -0.545116 -0.370736 -0.545116 -0.545116 0.309805 -0.545116 0.123983 0.538382 -0.545116 0.27938 -0.412255 0.310184 -0.412255 0.152347 -0.412255 -0.335527 -0.542539 -0.542539 0.0437294 0.0569201 -0.412255 -0.412255 -0.545116 0.802075 -0.0141994 0.541741 0.538382 1 0.362839 0.360406 0.333017 0.149125 0.275064
0.632882 0.628506 -0.217395 -0.125872 -0.217395 -0.163102 -0.217395 -0.217395 -0.48273 -0.217395 -0.0991084 0.718971 -0.217395 0.628506 -0.162303 -0.479288 -0.162303 0.187206 -0.162303 -0.136961 -0.212331 -0.212331 0.162648 -0.166017 -0.162303 -0.162303 -0.217395 0.277058 0.0611886 0.725722 0.723029 0.362839 1 0.99798 0.917776 0.178076 0.634368
0.63729 0.632916 -0.216084 -0.12531 -0.216084 -0.162002 -0.216084 -0.216084 -0.489096 -0.216084 -0.0984382 0.722632 -0.216084 0.632916 -0.161257 -0.481129 -0.161257 0.18797 -0.161257 -0.136234 -0.211035 -0.211035 0.162913 -0.165258 -0.161257 -0.161257 -0.216084 0.275096 0.0613755 0.725332 0.726685 0.360406 0.99798 1 0.915481 0.178839 0.634639
0.57082599999999994 0.570164 -0.20376 -0.111467 -0.20376 -0.147808 -0.20376 -0.20376 -0.434332 -0.20376 -0.0781497 0.655425 -0.20376 0.570164 -0.150141 -0.431619 -0.150141 -0.14702 -0.150141 -0.131337 -0.199132 -0.199132 0.166724 -0.146266 -0.150141 -0.150141 -0.20376 0.25127 0.0735879 0.65832 0.655425 0.333017 0.917776 0.915481 1 -0.159419 0.572112
0.242784 0.23536 -0.0758461 -0.0505387 -0.0758461 -0.0710928 -0.0758461 -0.0758461 -0.1719 -0.0758461 -0.0358644 0.266523 -0.0758461 0.23536 -0.0628773 -0.169561 -0.0628773 0.991257 -0.0628773 -0.0384314 -0.0743506 -0.0743506 -0.0139824 -0.0687783 -0.0628773 -0.0628773 -0.0758461 0.123488 -0.0302615 0.274707 0.274999 0.149125 0.178076 0.178839 -0.159419 1 0.243602
0.993593 0.991442 0.197663 0.049382 0.197663 0.167512 0.197663 0.197663 -0.732168 0.197663 -0.113528 0.87042 0.197663 0.991442 0.186805 -0.732828 0.186805 0.24864 0.186805 0.0658401 0.200923 0.200923 0.0813244 -0.279291 0.186805 0.186805 0.197663 0.468246 0.00255953 0.875776 0.874611 0.275064 0.634368 0.634639 0.572112 0.243602 1
