Zscore
7.5797159090909085
7.556818181818182
-1.6609122807017542
-0.39272484416740877
-1.6723654970760233
-1.3651
-1.5234911764705883
-1.6723654970760233
-6.346633165829145
-1.5438640226628897
-3.6787634408602155
8.27485380116959
-1.6150699708454812
7.64
-1.3658746867167921
-6.251055276381909
-1.3634937343358395
4.826017699115044
-1.3608471177944863
-0.5265875
-1.6169970760233916
-1.7477478005865104
0.7170503597122302
-4.613309608540925
-1.3526926952141058
-1.3474987405541563
-1.703076470588235
3.0613486590038312
-1.030386075949367
8.300176470588235
8.276529411764704
3.5553101851851845
6.900350877192983
6.860232558139535
5.244414772727272
4.803630952380952
7.679999999999999
