Zscore
-6.128659217877095
-6.581798941798942
0.16289004149377595
-0.578020134228188
-5.452577380952381
0.3431420118343195
-0.9546134699853587
-0.590927074601844
0.9520180995475113
-0.5893076278290025
-5.48189880952381
0.490199203187251
3.1164345738295323
-5.452577380952381
0.583932221063608
-6.11731843575419
0.509053238919486
-0.05685555555555555
1.3673472222222223
-1.0921388518024033
-6.576931216931217
-5.458553571428571
-0.4140371650821089
-6.57468085106383
0.07333333333333332
0.517276295133438
0.7911717032967032
0.5366108786610878
-0.4089774153074028
0.8224707501720577
-5.440642857142858
-0.7921161048689139
0.2332693820224719
-0.5694618834080718
3.1641641520820767
-5.422386904761905
-2.792731640356898
-5.437633136094675
-6.492279792746113
2.4876731707317075
-6.594842105263158
-0.4928323232323232
-0.6025158333333334
0.6740086956521739
-0.403090830449827
-0.5645424448217317
0.6770622568093385
1.511103581800581
-0.1706212195121951
0.5392311729204933
0.26909647495361777
-0.21749067357512952
-0.4511177489177489
-0.282478672985782
0.6769571984435798
-5.303839285714286
1.3012420957542907
-0.3689189655172414
0.8924382470119521
-0.5058922716627634
0.6807782101167316
-5.291595238095239
-0.2792015706806283
1.6619432120674358
0.6807782101167316
0.9135778321108394
0.2861916666666667
-0.05327277570591368
-6.512962962962963
-5.2142083333333336
-0.5800860033726813
-0.6111482159194876
0.5691923076923077
-5.267625
0.6949888888888889
-6.2944736842105264
-5.282594117647058
-0.299391975308642
-0.07554282238442822
-1.2015683732987688
-0.063025
0.01947250608272506
-1.9284368600682595
-6.3438624338624345
0.5574543178973718
-1.9786780383795308
0.5568143143143143
-4.876888268156424
-0.1795370675453048
0.06334282238442823
-0.17632826747720368
-5.232202380952382
-0.9746520270270271
-6.315947368421052
0.5794801587301588
-0.9534717251252686
0.10216058394160585
-0.5332775467775468
1.2380375426621162
0.46145
0.11682506082725062
-6.204193548387098
0.38742292490118574
0.5537352071005917
-5.34519298245614
-6.172096774193549
-2.5787016337059327
-5.266236686390533
0.8907940446650124
0.16106539074960124
0.8822693726937268
0.04341081294396211
-6.268368421052632
-0.19545373134328356
-0.5039484702093397
0.2779551587301587
-5.679887640449438
-0.46992274678111584
-5.195278106508876
-0.12125307086614173
1.5908319185059423
-5.6234269662921355
0.41524338624338625
-5.994814814814815
