1 0.31852 0.32203 -0.209055 0.85321 -0.366559 0.99787 0.242583 0.99787 -0.283084 -0.268799 0.99787 -0.636327 0.995744 0.99787 -0.235128 0.99787 0.212495 0.99787
0.31852 1 0.992608 -0.0282954 -0.21857 -0.13711 0.31252 0.837336 0.31252 -0.143581 -0.0322325 0.31252 -0.177674 0.314688 0.31252 -0.136103 0.31252 0.535543 0.31252
0.32203 0.992608 1 -0.0301225 -0.219025 -0.1383 0.308194 0.81835 0.308194 -0.14369 -0.0339129 0.308194 -0.172407 0.310341 0.308194 -0.135963 0.308194 0.552055 0.308194
-0.209055 -0.0282954 -0.0301225 1 -0.198862 0.555999 -0.208445 -0.00942333 -0.208445 -0.109733 -0.139999 -0.208445 -0.220295 -0.207834 -0.208445 -0.128748 -0.208445 -0.0336503 -0.208445
0.85321 -0.21857 -0.219025 -0.198862 1 -0.301591 0.858636 -0.200831 0.858636 -0.212592 -0.258346 0.858636 -0.56083 0.855263 0.858636 -0.167424 0.858636 -0.0851342 0.858636
-0.366559 -0.13711 -0.1383 0.555999 -0.301591 1 -0.365605 -0.10174 -0.365605 0.731918 -0.177826 -0.365605 -0.414195 -0.364653 -0.365605 0.630599 -0.365605 -0.0897176 -0.365605
0.99787 0.31252 0.308194 -0.208445 0.858636 -0.365605 1 0.244344 1 -0.282368 -0.268418 1 -0.639269 0.997856 1 -0.234472 1 0.19844 1
0.242583 0.837336 0.81835 -0.00942333 -0.200831 -0.10174 0.244344 1 0.244344 -0.111892 -0.0459485 0.244344 -0.147541 0.24612 0.244344 -0.113854 0.244344 0.0038802 0.244344
0.99787 0.31252 0.308194 -0.208445 0.858636 -0.365605 1 0.244344 1 -0.282368 -0.268418 1 -0.639269 0.997856 1 -0.234472 1 0.19844 1
-0.283084 -0.143581 -0.14369 -0.109733 -0.212592 0.731918 -0.282368 -0.111892 -0.282368 1 -0.111248 -0.282368 -0.296434 -0.281653 -0.282368 0.880425 -0.282368 -0.0877325 -0.282368
-0.268799 -0.0322325 -0.0339129 -0.139999 -0.258346 -0.177826 -0.268418 -0.0459485 -0.268418 -0.111248 1 -0.268418 0.424283 -0.26804 -0.268418 -0.116457 -0.268418 -0.00916504 -0.268418
0.99787 0.31252 0.308194 -0.208445 0.858636 -0.365605 1 0.244344 1 -0.282368 -0.268418 1 -0.639269 0.997856 1 -0.234472 1 0.19844 1
-0.636327 -0.177674 -0.172407 -0.220295 -0.56083 -0.414195 -0.639269 -0.147541 -0.639269 -0.296434 0.424283 -0.639269 1 -0.63806 -0.639269 -0.256722 -0.639269 -0.104654 -0.639269
0.995744 0.314688 0.310341 -0.207834 0.855263 -0.364653 0.997856 0.24612 0.997856 -0.281653 -0.26804 0.997856 -0.63806 1 0.997856 -0.233815 0.997856 0.199673 0.997856
0.99787 0.31252 0.308194 -0.208445 0.858636 -0.365605 1 0.244344 1 -0.282368 -0.268418 1 -0.639269 0.997856 1 -0.234472 1 0.19844 1
-0.235128 -0.136103 -0.135963 -0.128748 -0.167424 0.630599 -0.234472 -0.113854 -0.234472 0.880425 -0.116457 -0.234472 -0.256722 -0.233815 -0.234472 1 -0.234472 -0.0714038 -0.234472
0.99787 0.31252 0.308194 -0.208445 0.858636 -0.365605 1 0.244344 1 -0.282368 -0.268418 1 -0.639269 0.997856 1 -0.234472 1 0.19844 1
0.212495 0.535543 0.552055 -0.0336503 -0.0851342 -0.0897176 0.19844 0.0038802 0.19844 -0.0877325 -0.00916504 0.19844 -0.104654 0.199673 0.19844 -0.0714038 0.19844 1 0.19844
0.99787 0.31252 0.308194 -0.208445 0.858636 -0.365605 1 0.244344 1 -0.282368 -0.268418 1 -0.639269 0.997856 1 -0.234472 1 0.19844 1
