1 -0.312427 0.530527 0.160834 -0.290242 0.451997 0.0307461 0.383504 0.647994 0.998141 -0.243403 0.651129 0.651129 0.268045 0.647306 0.00206613 -0.498971 0.520026 -0.294303 0.996279 -0.294303 0.990629 -0.294303 -0.294303 -0.286321 0.520026 0.415495 0.520026 0.0642896 0.990629 0.990629 0.990629 0.988753 0.990629 -0.498971 -0.233657 0.463291 -0.114894 0.132171 -0.294303 0.981266
-0.312427 1 -0.511106 -0.0509481 -0.0578677 -0.614814 -0.0358445 -0.102642 -0.419302 -0.310901 0.844757 -0.420328 -0.420328 -0.112131 -0.419494 0.073744 -0.0921462 -0.505123 -0.0609012 -0.310537 -0.0609012 -0.306789 -0.0609012 -0.0609012 -0.0624036 -0.505123 -0.13032 -0.505123 0.0362352 -0.306789 -0.306789 -0.306789 -0.299955 -0.306789 -0.0921462 0.823072 -0.125603 -0.0582673 -0.0727936 -0.0609012 -0.302613
0.530527 -0.511106 1 0.106835 0.154094 0.785386 0.00824804 0.101965 0.80044 0.532089 -0.447295 0.797228 0.797228 0.130467 0.795432 -0.00534768 0.24737 0.991662 0.160194 0.53109 0.160194 0.526384 0.160194 0.160194 0.163217 0.991662 0.245988 0.991662 0.0297915 0.526384 0.526384 0.526384 0.520232 0.526384 0.24737 -0.447295 0.24399 0.0803464 0.084697 0.160194 0.521933
0.160834 -0.0509481 0.106835 1 -0.0236368 0.0822862 -0.0142708 0.0471932 0.11043 0.160936 -0.0435444 0.111405 0.111405 -0.0446427 0.111891 -0.00899855 -0.0745751 0.106988 -0.0248398 0.161641 -0.0248398 0.161338 -0.0248398 -0.0248398 -0.0254356 0.106988 -0.00116754 0.106988 -0.0127514 0.161338 0.161338 0.161338 0.16124 0.161338 -0.0745751 -0.0435444 -0.0287614 -0.023198 -0.0289813 -0.0248398 0.163682
-0.290242 -0.0578677 0.154094 -0.0236368 1 0.103624 -0.0414508 -0.801867 -0.461621 -0.288603 -0.0912524 -0.462692 -0.462692 -0.0951591 -0.461714 -0.0261371 -0.169042 0.161889 0.987978 -0.288043 0.987978 -0.286202 0.987978 0.987978 0.982097 0.161889 -0.111695 0.161889 -0.0370375 -0.286202 -0.286202 -0.286202 -0.287857 -0.286202 -0.169042 -0.0912524 -0.144942 -0.0363436 -0.00856821 0.987978 -0.288013
0.451997 -0.614814 0.785386 0.0822862 0.103624 1 0.0185412 0.211383 0.641123 0.454967 -0.535408 0.636753 0.636753 0.0990352 0.635382 -0.0255285 0.159781 0.772265 0.108442 0.454287 0.108442 0.445333 0.108442 0.108442 0.110829 0.772265 0.214767 0.772265 0.00777675 0.445333 0.445333 0.445333 0.436946 0.445333 0.159781 -0.535408 0.199707 0.0449016 0.0776112 0.108442 0.443863
0.0307461 -0.0358445 0.00824804 -0.0142708 -0.0414508 0.0185412 1 0.0533974 0.0328941 0.0309642 -0.0306355 0.0333565 0.0333565 0.0388066 0.0336734 -0.00633091 -6.18473e-4 0.007962 -0.042099 0.0312982 -0.042099 0.0306425 -0.042099 -0.042099 -0.0424218 0.007962 -0.0598463 0.007962 -0.00897119 0.0306425 0.0306425 0.0306425 0.0304231 0.0306425 -6.18473e-4 -0.0306355 -0.0569795 0.109978 -0.0203897 -0.042099 0.0320924
0.383504 -0.102642 0.101965 0.0471932 -0.801867 0.211383 0.0533974 1 0.576254 0.386858 0.105611 0.571541 0.571541 0.110886 0.570268 0.0336702 0.170537 0.0976151 -0.790261 0.386167 -0.790261 0.387098 -0.790261 -0.790261 -0.784574 0.0976151 0.160933 0.0976151 0.0477122 0.387098 0.387098 0.387098 0.389264 0.387098 0.170537 0.105611 0.185492 0.0110446 0.00591122 -0.790261 0.386246
0.647994 -0.419302 0.80044 0.11043 -0.461621 0.641123 0.0328941 0.576254 1 0.648387 -0.342564 0.988923 0.988923 0.175568 0.986713 0.0113255 0.321528 0.78833 -0.448905 0.647142 -0.448905 0.641881 -0.448905 -0.448905 -0.442649 0.78833 0.290318 0.78833 0.0494064 0.641881 0.641881 0.641881 0.637401 0.641881 0.321528 -0.342564 0.302934 0.0945512 0.081965 -0.448905 0.638916
0.998141 -0.310901 0.532089 0.160936 -0.288603 0.454967 0.0309642 0.386858 0.648387 1 -0.242141 0.651516 0.651516 0.268423 0.647692 0.00223435 -0.500887 0.52163 -0.292639 0.998141 -0.292639 0.992543 -0.292639 -0.292639 -0.284662 0.52163 0.416384 0.52163 0.0644194 0.992543 0.992543 0.992543 0.990685 0.992543 -0.500887 -0.232412 0.464018 -0.114247 0.132491 -0.292639 0.983168
-0.243403 0.844757 -0.447295 -0.0435444 -0.0912524 -0.535408 -0.0306355 0.105611 -0.342564 -0.242141 1 -0.343362 -0.343362 -0.095836 -0.34264 0.0936675 -0.0901881 -0.439004 -0.0935116 -0.241784 -0.0935116 -0.235795 -0.0935116 -0.0935116 -0.0946333 -0.439004 -0.112802 -0.439004 0.0526786 -0.235795 -0.235795 -0.235795 -0.227244 -0.235795 -0.0901881 0.97457 -0.0956394 -0.0498 -0.0622152 -0.0935116 -0.232163
0.651129 -0.420328 0.797228 0.111405 -0.462692 0.636753 0.0333565 0.571541 0.988923 0.651516 -0.343362 1 1 0.177377 0.997774 0.0115702 0.325204 0.790025 -0.464528 0.654339 -0.464528 0.649097 -0.464528 -0.464528 -0.458174 0.790025 0.287698 0.790025 0.0499195 0.649097 0.649097 0.649097 0.644611 0.649097 0.325204 -0.343362 0.306139 0.0955078 0.0829797 -0.464528 0.646086
0.651129 -0.420328 0.797228 0.111405 -0.462692 0.636753 0.0333565 0.571541 0.988923 0.651516 -0.343362 1 1 0.177377 0.997774 0.0115702 0.325204 0.790025 -0.464528 0.654339 -0.464528 0.649097 -0.464528 -0.464528 -0.458174 0.790025 0.287698 0.790025 0.0499195 0.649097 0.649097 0.649097 0.644611 0.649097 0.325204 -0.343362 0.306139 0.0955078 0.0829797 -0.464528 0.646086
0.268045 -0.112131 0.130467 -0.0446427 -0.0951591 0.0990352 0.0388066 0.110886 0.175568 0.268423 -0.095836 0.177377 0.177377 1 0.178408 -0.0198048 -0.134095 0.130187 -0.0974625 0.269805 -0.0974625 0.268677 -0.0974625 -0.0974625 -0.0986063 0.130187 -0.0230857 0.130187 -0.0280642 0.268677 0.268677 0.268677 0.268304 0.268677 -0.134095 -0.095836 -0.101616 -0.051056 0.00751239 -0.0974625 0.264004
0.647306 -0.419494 0.795432 0.111891 -0.461714 0.635382 0.0336734 0.570268 0.986713 0.647692 -0.34264 0.997774 0.997774 0.178408 1 0.0117648 0.327457 0.788222 -0.463532 0.650501 -0.463532 0.645258 -0.463532 -0.463532 -0.457164 0.788222 0.289636 0.788222 0.0502137 0.645258 0.645258 0.645258 0.64077 0.645258 0.327457 -0.34264 0.297076 0.0960456 0.0836316 -0.463532 0.642194
0.00206613 0.073744 -0.00534768 -0.00899855 -0.0261371 -0.0255285 -0.00633091 0.0336702 0.0113255 0.00223435 0.0936675 0.0115702 0.0115702 -0.0198048 0.0117648 1 0.0105079 -0.00559006 -0.0265459 0.00241095 -0.0265459 0.00190449 -0.0265459 -0.0265459 -0.0267495 -0.00559006 -0.0377366 -0.00559006 -0.00565687 0.00190449 0.00190449 0.00190449 0.0017345 0.00190449 0.0105079 0.0936675 0.0799189 -0.0102913 -0.0128569 -0.0265459 0.00277683
-0.498971 -0.0921462 0.24737 -0.0745751 -0.169042 0.159781 -6.18473e-4 0.170537 0.321528 -0.500887 -0.0901881 0.325204 0.325204 -0.134095 0.327457 0.0105079 1 0.2465 -0.166068 -0.499974 -0.166068 -0.503655 -0.166068 -0.166068 -0.168806 0.2465 -0.193563 0.2465 -0.0237168 -0.503655 -0.503655 -0.503655 -0.50648 -0.503655 1 -0.102452 -0.226083 0.232394 -0.0714528 -0.166068 -0.495305
0.520026 -0.505123 0.991662 0.106988 0.161889 0.772265 0.007962 0.0976151 0.78833 0.52163 -0.439004 0.790025 0.790025 0.130187 0.788222 -0.00559006 0.2465 1 0.167937 0.525186 0.167937 0.529579 0.167937 0.167937 0.170935 1 0.245441 1 0.0296678 0.529579 0.529579 0.529579 0.523382 0.529579 0.2465 -0.439004 0.237404 0.0802749 0.0845155 0.167937 0.525148
-0.294303 -0.0609012 0.160194 -0.0248398 0.987978 0.108442 -0.042099 -0.790261 -0.448905 -0.292639 -0.0935116 -0.464528 -0.464528 -0.0974625 -0.463532 -0.0265459 -0.166068 0.167937 1 -0.292069 1 -0.290358 1 1 0.99404 0.167937 -0.107047 0.167937 -0.0376168 -0.290358 -0.290358 -0.290358 -0.292038 -0.290358 -0.166068 -0.0935116 -0.149342 -0.0376451 -0.0104881 1 -0.292035
0.996279 -0.310537 0.53109 0.161641 -0.288043 0.454287 0.0312982 0.386167 0.647142 0.998141 -0.241784 0.654339 0.654339 0.269805 0.650501 0.00241095 -0.499974 0.525186 -0.292069 1 -0.292069 0.994413 -0.292069 -0.292069 -0.284068 0.525186 0.418831 0.525186 0.0647901 0.994413 0.994413 0.994413 0.992558 0.994413 -0.499974 -0.232035 0.461483 -0.114028 0.133306 -0.292069 0.984982
-0.294303 -0.0609012 0.160194 -0.0248398 0.987978 0.108442 -0.042099 -0.790261 -0.448905 -0.292639 -0.0935116 -0.464528 -0.464528 -0.0974625 -0.463532 -0.0265459 -0.166068 0.167937 1 -0.292069 1 -0.290358 1 1 0.99404 0.167937 -0.107047 0.167937 -0.0376168 -0.290358 -0.290358 -0.290358 -0.292038 -0.290358 -0.166068 -0.0935116 -0.149342 -0.0376451 -0.0104881 1 -0.292035
0.990629 -0.306789 0.526384 0.161338 -0.286202 0.445333 0.0306425 0.387098 0.641881 0.992543 -0.235795 0.649097 0.649097 0.268677 0.645258 0.00190449 -0.503655 0.529579 -0.290358 0.994413 -0.290358 1 -0.290358 -0.290358 -0.282367 0.529579 0.41617 0.529579 0.064402 1 1 1 0.998113 1 -0.503655 -0.225994 0.459286 -0.0987094 0.132349 -0.290358 0.990632
-0.294303 -0.0609012 0.160194 -0.0248398 0.987978 0.108442 -0.042099 -0.790261 -0.448905 -0.292639 -0.0935116 -0.464528 -0.464528 -0.0974625 -0.463532 -0.0265459 -0.166068 0.167937 1 -0.292069 1 -0.290358 1 1 0.99404 0.167937 -0.107047 0.167937 -0.0376168 -0.290358 -0.290358 -0.290358 -0.292038 -0.290358 -0.166068 -0.0935116 -0.149342 -0.0376451 -0.0104881 1 -0.292035
-0.294303 -0.0609012 0.160194 -0.0248398 0.987978 0.108442 -0.042099 -0.790261 -0.448905 -0.292639 -0.0935116 -0.464528 -0.464528 -0.0974625 -0.463532 -0.0265459 -0.166068 0.167937 1 -0.292069 1 -0.290358 1 1 0.99404 0.167937 -0.107047 0.167937 -0.0376168 -0.290358 -0.290358 -0.290358 -0.292038 -0.290358 -0.166068 -0.0935116 -0.149342 -0.0376451 -0.0104881 1 -0.292035
-0.286321 -0.0624036 0.163217 -0.0254356 0.982097 0.110829 -0.0424218 -0.784574 -0.442649 -0.284662 -0.0946333 -0.458174 -0.458174 -0.0986063 -0.457164 -0.0267495 -0.168806 0.170935 0.99404 -0.284068 0.99404 -0.282367 0.99404 0.99404 1 0.170935 -0.109534 0.170935 -0.0379052 -0.282367 -0.282367 -0.282367 -0.284041 -0.282367 -0.168806 -0.0946333 -0.142602 -0.0382904 -0.0114373 0.99404 -0.283954
0.520026 -0.505123 0.991662 0.106988 0.161889 0.772265 0.007962 0.0976151 0.78833 0.52163 -0.439004 0.790025 0.790025 0.130187 0.788222 -0.00559006 0.2465 1 0.167937 0.525186 0.167937 0.529579 0.167937 0.167937 0.170935 1 0.245441 1 0.0296678 0.529579 0.529579 0.529579 0.523382 0.529579 0.2465 -0.439004 0.237404 0.0802749 0.0845155 0.167937 0.525148
0.415495 -0.13032 0.245988 -0.00116754 -0.111695 0.214767 -0.0598463 0.160933 0.290318 0.416384 -0.112802 0.287698 0.287698 -0.0230857 0.289636 -0.0377366 -0.193563 0.245441 -0.107047 0.418831 -0.107047 0.41617 -0.107047 -0.107047 -0.109534 0.245441 1 0.245441 -0.00952405 0.41617 0.41617 0.41617 0.415286 0.41617 -0.193563 -0.112802 -0.2108 -0.0480794 -0.0616025 -0.107047 0.398406
0.520026 -0.505123 0.991662 0.106988 0.161889 0.772265 0.007962 0.0976151 0.78833 0.52163 -0.439004 0.790025 0.790025 0.130187 0.788222 -0.00559006 0.2465 1 0.167937 0.525186 0.167937 0.529579 0.167937 0.167937 0.170935 1 0.245441 1 0.0296678 0.529579 0.529579 0.529579 0.523382 0.529579 0.2465 -0.439004 0.237404 0.0802749 0.0845155 0.167937 0.525148
0.0642896 0.0362352 0.0297915 -0.0127514 -0.0370375 0.00777675 -0.00897119 0.0477122 0.0494064 0.0644194 0.0526786 0.0499195 0.0499195 -0.0280642 0.0502137 -0.00565687 -0.0237168 0.0296678 -0.0376168 0.0647901 -0.0376168 0.064402 -0.0376168 -0.0376168 -0.0379052 0.0296678 -0.00952405 0.0296678 1 0.064402 0.064402 0.064402 0.0642731 0.064402 -0.0237168 0.0526786 -0.00987254 -0.0145832 -0.0182189 -0.0376168 0.0657865
0.990629 -0.306789 0.526384 0.161338 -0.286202 0.445333 0.0306425 0.387098 0.641881 0.992543 -0.235795 0.649097 0.649097 0.268677 0.645258 0.00190449 -0.503655 0.529579 -0.290358 0.994413 -0.290358 1 -0.290358 -0.290358 -0.282367 0.529579 0.41617 0.529579 0.064402 1 1 1 0.998113 1 -0.503655 -0.225994 0.459286 -0.0987094 0.132349 -0.290358 0.990632
0.990629 -0.306789 0.526384 0.161338 -0.286202 0.445333 0.0306425 0.387098 0.641881 0.992543 -0.235795 0.649097 0.649097 0.268677 0.645258 0.00190449 -0.503655 0.529579 -0.290358 0.994413 -0.290358 1 -0.290358 -0.290358 -0.282367 0.529579 0.41617 0.529579 0.064402 1 1 1 0.998113 1 -0.503655 -0.225994 0.459286 -0.0987094 0.132349 -0.290358 0.990632
0.990629 -0.306789 0.526384 0.161338 -0.286202 0.445333 0.0306425 0.387098 0.641881 0.992543 -0.235795 0.649097 0.649097 0.268677 0.645258 0.00190449 -0.503655 0.529579 -0.290358 0.994413 -0.290358 1 -0.290358 -0.290358 -0.282367 0.529579 0.41617 0.529579 0.064402 1 1 1 0.998113 1 -0.503655 -0.225994 0.459286 -0.0987094 0.132349 -0.290358 0.990632
0.988753 -0.299955 0.520232 0.16124 -0.287857 0.436946 0.0304231 0.389264 0.637401 0.990685 -0.227244 0.644611 0.644611 0.268304 0.64077 0.0017345 -0.50648 0.523382 -0.292038 0.992558 -0.292038 0.998113 -0.292038 -0.292038 -0.284041 0.523382 0.415286 0.523382 0.0642731 0.998113 0.998113 0.998113 1 0.998113 -0.50648 -0.217426 0.458558 -0.0993356 0.132031 -0.292038 0.988757
0.990629 -0.306789 0.526384 0.161338 -0.286202 0.445333 0.0306425 0.387098 0.641881 0.992543 -0.235795 0.649097 0.649097 0.268677 0.645258 0.00190449 -0.503655 0.529579 -0.290358 0.994413 -0.290358 1 -0.290358 -0.290358 -0.282367 0.529579 0.41617 0.529579 0.064402 1 1 1 0.998113 1 -0.503655 -0.225994 0.459286 -0.0987094 0.132349 -0.290358 0.990632
-0.498971 -0.0921462 0.24737 -0.0745751 -0.169042 0.159781 -6.18473e-4 0.170537 0.321528 -0.500887 -0.0901881 0.325204 0.325204 -0.134095 0.327457 0.0105079 1 0.2465 -0.166068 -0.499974 -0.166068 -0.503655 -0.166068 -0.166068 -0.168806 0.2465 -0.193563 0.2465 -0.0237168 -0.503655 -0.503655 -0.503655 -0.50648 -0.503655 1 -0.102452 -0.226083 0.232394 -0.0714528 -0.166068 -0.495305
-0.233657 0.823072 -0.447295 -0.0435444 -0.0912524 -0.535408 -0.0306355 0.105611 -0.342564 -0.232412 0.97457 -0.343362 -0.343362 -0.095836 -0.34264 0.0936675 -0.102452 -0.439004 -0.0935116 -0.232035 -0.0935116 -0.225994 -0.0935116 -0.0935116 -0.0946333 -0.439004 -0.112802 -0.439004 0.0526786 -0.225994 -0.225994 -0.225994 -0.217426 -0.225994 -0.102452 1 -0.0956394 -0.0498 -0.0622152 -0.0935116 -0.222339
0.463291 -0.125603 0.24399 -0.0287614 -0.144942 0.199707 -0.0569795 0.185492 0.302934 0.464018 -0.0956394 0.306139 0.306139 -0.101616 0.297076 0.0799189 -0.226083 0.237404 -0.149342 0.461483 -0.149342 0.459286 -0.149342 -0.149342 -0.142602 0.237404 -0.2108 0.237404 -0.00987254 0.459286 0.459286 0.459286 0.458558 0.459286 -0.226083 -0.0956394 1 -0.0466772 -0.0410937 -0.149342 0.4682
-0.114894 -0.0582673 0.0803464 -0.023198 -0.0363436 0.0449016 0.109978 0.0110446 0.0945512 -0.114247 -0.0498 0.0955078 0.0955078 -0.051056 0.0960456 -0.0102913 0.232394 0.0802749 -0.0376451 -0.114028 -0.0376451 -0.0987094 -0.0376451 -0.0376451 -0.0382904 0.0802749 -0.0480794 0.0802749 -0.0145832 -0.0987094 -0.0987094 -0.0987094 -0.0993356 -0.0987094 0.232394 -0.0498 -0.0466772 1 -0.0331448 -0.0376451 -0.0967096
0.132171 -0.0727936 0.084697 -0.0289813 -0.00856821 0.0776112 -0.0203897 0.00591122 0.081965 0.132491 -0.0622152 0.0829797 0.0829797 0.00751239 0.0836316 -0.0128569 -0.0714528 0.0845155 -0.0104881 0.133306 -0.0104881 0.132349 -0.0104881 -0.0104881 -0.0114373 0.0845155 -0.0616025 0.0845155 -0.0182189 0.132349 0.132349 0.132349 0.132031 0.132349 -0.0714528 -0.0622152 -0.0410937 -0.0331448 1 -0.0104881 0.107347
-0.294303 -0.0609012 0.160194 -0.0248398 0.987978 0.108442 -0.042099 -0.790261 -0.448905 -0.292639 -0.0935116 -0.464528 -0.464528 -0.0974625 -0.463532 -0.0265459 -0.166068 0.167937 1 -0.292069 1 -0.290358 1 1 0.99404 0.167937 -0.107047 0.167937 -0.0376168 -0.290358 -0.290358 -0.290358 -0.292038 -0.290358 -0.166068 -0.0935116 -0.149342 -0.0376451 -0.0104881 1 -0.292035
0.981266 -0.302613 0.521933 0.163682 -0.288013 0.443863 0.0320924 0.386246 0.638916 0.983168 -0.232163 0.646086 0.646086 0.264004 0.642194 0.00277683 -0.495305 0.525148 -0.292035 0.984982 -0.292035 0.990632 -0.292035 -0.292035 -0.283954 0.525148 0.398406 0.525148 0.0657865 0.990632 0.990632 0.990632 0.988757 0.990632 -0.495305 -0.222339 0.4682 -0.0967096 0.107347 -0.292035 1
