5.788017647058823
-3.925558312655087
3.4974243902439026
0.4326119554204661
-1.1215222551928783
3.269289156626506
-0.4074120930232558
1.010592857142857
3.639569892473119
5.4970877192982455
-4.54610278372591
4.097389189189189
3.9147219251336898
-0.3897860696517413
4.005529411764705
-0.39438283828382836
-2.6155123152709363
3.5851658536585367
-1.2317740963855421
5.876335294117647
-1.2349126506024095
5.847164705882353
-1.2499789156626506
-1.2499096385542168
-1.253117469879518
3.6862843137254897
7.863553719008264
3.624556097560976
-0.6322188449848024
6.070058139534884
6.075813953488372
5.882305882352941
5.882305882352941
5.888058823529412
-2.5271576354679803
-4.641004273504273
1.1465040650406504
0.02034552845528455
1.1604427020506634
-1.2891807228915662
5.742508771929825
