1 -0.0803964 -0.0260741 -0.0408428 0.271232 -0.0408428 -0.0803964 -0.0408428 -0.164506 0.589351 -0.164953 -0.0453431 -0.163617 -0.163617 0.38973 -0.0319661 -0.163617 -0.163617 -0.061706 -0.0408428 -0.0408428 -0.0408428 -0.0565475 0.0479616 -0.0534435 -0.152509 -0.0442615 0.392513 0.38973 0.00402395 -0.0408428 -0.0408428 -0.0413508 0.992767
-0.0803964 1 -0.0396471 -0.0485287 -0.0745458 -0.0485287 1 -0.0485287 -0.319105 -0.15388 -0.319412 0.252165 -0.31852 -0.31852 -0.316596 0.0872209 -0.31852 -0.31852 -0.0699913 -0.0485287 -0.0485287 -0.0485287 -0.0741665 0.0789287 -0.0307121 -0.326016 -0.0342797 -0.315956 -0.316596 -0.0689465 -0.0485287 -0.0485287 -0.062876 -0.0868691
-0.0260741 -0.0396471 1 -0.0110772 -0.00750593 -0.0110772 -0.0396471 -0.0110772 -0.0493785 -0.0404941 -0.0493162 -0.00694214 -0.0495113 -0.0495113 -0.0128004 -0.00489409 -0.0495113 -0.0495113 -0.00944735 -0.0110772 -0.0110772 -0.0110772 -0.0128569 0.011526 -0.0153401 -0.0497959 0.168563 -0.0126606 -0.0128004 -0.00694214 -0.0110772 -0.0110772 -0.00633091 -0.0258659
-0.0408428 -0.0485287 -0.0110772 1 -0.0208278 1 -0.0485287 1 -0.117873 -0.0685514 -0.117804 -0.0192634 -0.118029 -0.118029 -0.0619875 -0.0135804 -0.118029 -0.118029 -0.026215 1 1 1 -0.0356761 0.0319829 -0.0425665 -0.119341 0.0348238 -0.0617041 -0.0619875 -0.0192634 1 1 -0.0175673 -0.0401052
0.271232 -0.0745458 -0.00750593 -0.0208278 1 -0.0208278 -0.0745458 -0.0208278 0.0183476 0.146522 0.0178636 -0.0130529 0.0193338 0.0193338 0.0912281 -0.00920203 0.0193338 0.0193338 -0.0177632 -0.0208278 -0.0208278 -0.0208278 -0.0241741 0.0216716 0.0451776 0.0157678 -0.021533 0.0919465 0.0912281 -0.0130529 -0.0208278 -0.0208278 -0.0119036 0.273246
-0.0408428 -0.0485287 -0.0110772 1 -0.0208278 1 -0.0485287 1 -0.117873 -0.0685514 -0.117804 -0.0192634 -0.118029 -0.118029 -0.0619875 -0.0135804 -0.118029 -0.118029 -0.026215 1 1 1 -0.0356761 0.0319829 -0.0425665 -0.119341 0.0348238 -0.0617041 -0.0619875 -0.0192634 1 1 -0.0175673 -0.0401052
-0.0803964 1 -0.0396471 -0.0485287 -0.0745458 -0.0485287 1 -0.0485287 -0.319105 -0.15388 -0.319412 0.252165 -0.31852 -0.31852 -0.316596 0.0872209 -0.31852 -0.31852 -0.0699913 -0.0485287 -0.0485287 -0.0485287 -0.0741665 0.0789287 -0.0307121 -0.326016 -0.0342797 -0.315956 -0.316596 -0.0689465 -0.0485287 -0.0485287 -0.062876 -0.0868691
-0.0408428 -0.0485287 -0.0110772 1 -0.0208278 1 -0.0485287 1 -0.117873 -0.0685514 -0.117804 -0.0192634 -0.118029 -0.118029 -0.0619875 -0.0135804 -0.118029 -0.118029 -0.026215 1 1 1 -0.0356761 0.0319829 -0.0425665 -0.119341 0.0348238 -0.0617041 -0.0619875 -0.0192634 1 1 -0.0175673 -0.0401052
-0.164506 -0.319105 -0.0493785 -0.117873 0.0183476 -0.117873 -0.319105 -0.117873 1 -0.226235 0.997368 -0.0258801 0.99469 0.99469 -0.335312 -0.0605365 0.99469 0.99469 0.19485 -0.117873 -0.117873 -0.117873 -0.0757056 0.0429686 -0.0903272 0.984577 -0.104546 -0.334281 -0.335312 -0.0258801 -0.117873 -0.117873 0.184287 -0.161129
0.589351 -0.15388 -0.0404941 -0.0685514 0.146522 -0.0685514 -0.15388 -0.0685514 -0.226235 1 -0.227088 -0.0704196 -0.224529 -0.224529 0.562088 0.143931 -0.224529 -0.224529 -0.0703543 -0.0685514 -0.0685514 -0.0685514 -0.0732084 0.0789266 -0.058094 -0.222894 -0.0949363 0.560592 0.562088 0.204162 -0.0685514 -0.0685514 -0.0642194 0.585693
-0.164953 -0.319412 -0.0493162 -0.117804 0.0178636 -0.117804 -0.319412 -0.117804 0.997368 -0.227088 1 -0.0260961 0.992138 0.992138 -0.3366 -0.0604601 0.992138 0.992138 0.193313 -0.117804 -0.117804 -0.117804 -0.0759554 0.0433271 -0.0906253 0.987141 -0.104567 -0.335578 -0.3366 -0.0260961 -0.117804 -0.117804 0.182966 -0.161584
-0.0453431 0.252165 -0.00694214 -0.0192634 -0.0130529 -0.0192634 0.252165 -0.0192634 -0.0258801 -0.0704196 -0.0260961 1 -0.0254442 -0.0254442 -0.105199 -0.00851085 -0.0254442 -0.0254442 -0.016429 -0.0192634 -0.0192634 -0.0192634 -0.0223583 0.0200438 -0.0266765 -0.0275744 -0.0199156 -0.105283 -0.105199 -0.0120724 -0.0192634 -0.0192634 -0.0110095 -0.0449809
-0.163617 -0.31852 -0.0495113 -0.118029 0.0193338 -0.118029 -0.31852 -0.118029 0.99469 -0.224529 0.992138 -0.0254442 1 1 -0.332734 -0.0606993 1 1 0.198001 -0.118029 -0.118029 -0.118029 -0.0752071 0.0422449 -0.0897324 0.979487 -0.104514 -0.331687 -0.332734 -0.0254442 -0.118029 -0.118029 0.186995 -0.160224
-0.163617 -0.31852 -0.0495113 -0.118029 0.0193338 -0.118029 -0.31852 -0.118029 0.99469 -0.224529 0.992138 -0.0254442 1 1 -0.332734 -0.0606993 1 1 0.198001 -0.118029 -0.118029 -0.118029 -0.0752071 0.0422449 -0.0897324 0.979487 -0.104514 -0.331687 -0.332734 -0.0254442 -0.118029 -0.118029 0.186995 -0.160224
0.38973 -0.316596 -0.0128004 -0.0619875 0.0912281 -0.0619875 -0.316596 -0.0619875 -0.335312 0.562088 -0.3366 -0.105199 -0.332734 -0.332734 1 -0.035183 -0.332734 -0.332734 -0.081597 -0.0619875 -0.0619875 -0.0619875 -0.0873069 0.11346 -0.127733 -0.33863 -0.105133 0.997738 1 0.171264 -0.0619875 -0.0619875 -0.0656819 0.388729
-0.0319661 0.0872209 -0.00489409 -0.0135804 -0.00920203 -0.0135804 0.0872209 -0.0135804 -0.0605365 0.143931 -0.0604601 -0.00851085 -0.0606993 -0.0606993 -0.035183 1 -0.0606993 -0.0606993 -0.0115822 -0.0135804 -0.0135804 -0.0135804 0.116378 0.0141305 -0.0188065 -0.0610483 -0.0140401 -0.0350886 -0.035183 -0.00851085 -0.0135804 -0.0135804 -0.00776151 -0.0317107
-0.163617 -0.31852 -0.0495113 -0.118029 0.0193338 -0.118029 -0.31852 -0.118029 0.99469 -0.224529 0.992138 -0.0254442 1 1 -0.332734 -0.0606993 1 1 0.198001 -0.118029 -0.118029 -0.118029 -0.0752071 0.0422449 -0.0897324 0.979487 -0.104514 -0.331687 -0.332734 -0.0254442 -0.118029 -0.118029 0.186995 -0.160224
-0.163617 -0.31852 -0.0495113 -0.118029 0.0193338 -0.118029 -0.31852 -0.118029 0.99469 -0.224529 0.992138 -0.0254442 1 1 -0.332734 -0.0606993 1 1 0.198001 -0.118029 -0.118029 -0.118029 -0.0752071 0.0422449 -0.0897324 0.979487 -0.104514 -0.331687 -0.332734 -0.0254442 -0.118029 -0.118029 0.186995 -0.160224
-0.061706 -0.0699913 -0.00944735 -0.026215 -0.0177632 -0.026215 -0.0699913 -0.026215 0.19485 -0.0703543 0.193313 -0.016429 0.198001 0.198001 -0.081597 -0.0115822 0.198001 0.198001 1 -0.026215 -0.026215 -0.026215 0.0391398 0.027277 -0.0363033 0.188831 -0.0271025 -0.0814688 -0.081597 -0.016429 -0.026215 -0.026215 -0.0149825 -0.0612131
-0.0408428 -0.0485287 -0.0110772 1 -0.0208278 1 -0.0485287 1 -0.117873 -0.0685514 -0.117804 -0.0192634 -0.118029 -0.118029 -0.0619875 -0.0135804 -0.118029 -0.118029 -0.026215 1 1 1 -0.0356761 0.0319829 -0.0425665 -0.119341 0.0348238 -0.0617041 -0.0619875 -0.0192634 1 1 -0.0175673 -0.0401052
-0.0408428 -0.0485287 -0.0110772 1 -0.0208278 1 -0.0485287 1 -0.117873 -0.0685514 -0.117804 -0.0192634 -0.118029 -0.118029 -0.0619875 -0.0135804 -0.118029 -0.118029 -0.026215 1 1 1 -0.0356761 0.0319829 -0.0425665 -0.119341 0.0348238 -0.0617041 -0.0619875 -0.0192634 1 1 -0.0175673 -0.0401052
-0.0408428 -0.0485287 -0.0110772 1 -0.0208278 1 -0.0485287 1 -0.117873 -0.0685514 -0.117804 -0.0192634 -0.118029 -0.118029 -0.0619875 -0.0135804 -0.118029 -0.118029 -0.026215 1 1 1 -0.0356761 0.0319829 -0.0425665 -0.119341 0.0348238 -0.0617041 -0.0619875 -0.0192634 1 1 -0.0175673 -0.0401052
-0.0565475 -0.0741665 -0.0128569 -0.0356761 -0.0241741 -0.0356761 -0.0741665 -0.0356761 -0.0757056 -0.0732084 -0.0759554 -0.0223583 -0.0752071 -0.0752071 -0.0873069 0.116378 -0.0752071 -0.0752071 0.0391398 -0.0356761 -0.0356761 -0.0356761 1 0.0371213 -0.0494053 -0.0783951 0.021093 -0.0870387 -0.0873069 -0.0223583 -0.0356761 -0.0356761 -0.0203897 -0.0557378
0.0479616 0.0789287 0.011526 0.0319829 0.0216716 0.0319829 0.0789287 0.0319829 0.0429686 0.0789266 0.0433271 0.0200438 0.0422449 0.0422449 0.11346 0.0141305 0.0422449 0.0422449 0.027277 0.0319829 0.0319829 0.0319829 0.0371213 1 0.0442909 0.0457816 0.0330657 0.113358 0.11346 0.0200438 0.0319829 0.0319829 0.018279 0.0472218
-0.0534435 -0.0307121 -0.0153401 -0.0425665 0.0451776 -0.0425665 -0.0307121 -0.0425665 -0.0903272 -0.058094 -0.0906253 -0.0266765 -0.0897324 -0.0897324 -0.127733 -0.0188065 -0.0897324 -0.0897324 -0.0363033 -0.0425665 -0.0425665 -0.0425665 -0.0494053 0.0442909 1 -0.0795627 -0.0440076 -0.127506 -0.127733 -0.0266765 -0.0425665 -0.0425665 -0.0243278 -0.0524064
-0.152509 -0.326016 -0.0497959 -0.119341 0.0157678 -0.119341 -0.326016 -0.119341 0.984577 -0.222894 0.987141 -0.0275744 0.979487 0.979487 -0.33863 -0.0610483 0.979487 0.979487 0.188831 -0.119341 -0.119341 -0.119341 -0.0783951 0.0457816 -0.0795627 1 -0.106342 -0.337593 -0.33863 -0.0275744 -0.119341 -0.119341 0.179386 -0.149036
-0.0442615 -0.0342797 0.168563 0.0348238 -0.021533 0.0348238 -0.0342797 0.0348238 -0.104546 -0.0949363 -0.104567 -0.0199156 -0.104514 -0.104514 -0.105133 -0.0140401 -0.104514 -0.104514 -0.0271025 0.0348238 0.0348238 0.0348238 0.021093 0.0330657 -0.0440076 -0.106342 1 -0.105002 -0.105133 -0.0199156 0.0348238 0.0348238 -0.0181621 -0.0435093
0.392513 -0.315956 -0.0126606 -0.0617041 0.0919465 -0.0617041 -0.315956 -0.0617041 -0.334281 0.560592 -0.335578 -0.105283 -0.331687 -0.331687 0.997738 -0.0350886 -0.331687 -0.331687 -0.0814688 -0.0617041 -0.0617041 -0.0617041 -0.0870387 0.113358 -0.127506 -0.337593 -0.105002 1 0.997738 0.172272 -0.0617041 -0.0617041 -0.0656395 0.391498
0.38973 -0.316596 -0.0128004 -0.0619875 0.0912281 -0.0619875 -0.316596 -0.0619875 -0.335312 0.562088 -0.3366 -0.105199 -0.332734 -0.332734 1 -0.035183 -0.332734 -0.332734 -0.081597 -0.0619875 -0.0619875 -0.0619875 -0.0873069 0.11346 -0.127733 -0.33863 -0.105133 0.997738 1 0.171264 -0.0619875 -0.0619875 -0.0656819 0.388729
0.00402395 -0.0689465 -0.00694214 -0.0192634 -0.0130529 -0.0192634 -0.0689465 -0.0192634 -0.0258801 0.204162 -0.0260961 -0.0120724 -0.0254442 -0.0254442 0.171264 -0.00851085 -0.0254442 -0.0254442 -0.016429 -0.0192634 -0.0192634 -0.0192634 -0.0223583 0.0200438 -0.0266765 -0.0275744 -0.0199156 0.172272 0.171264 1 -0.0192634 -0.0192634 -0.0110095 0.00463619
-0.0408428 -0.0485287 -0.0110772 1 -0.0208278 1 -0.0485287 1 -0.117873 -0.0685514 -0.117804 -0.0192634 -0.118029 -0.118029 -0.0619875 -0.0135804 -0.118029 -0.118029 -0.026215 1 1 1 -0.0356761 0.0319829 -0.0425665 -0.119341 0.0348238 -0.0617041 -0.0619875 -0.0192634 1 1 -0.0175673 -0.0401052
-0.0408428 -0.0485287 -0.0110772 1 -0.0208278 1 -0.0485287 1 -0.117873 -0.0685514 -0.117804 -0.0192634 -0.118029 -0.118029 -0.0619875 -0.0135804 -0.118029 -0.118029 -0.026215 1 1 1 -0.0356761 0.0319829 -0.0425665 -0.119341 0.0348238 -0.0617041 -0.0619875 -0.0192634 1 1 -0.0175673 -0.0401052
-0.0413508 -0.062876 -0.00633091 -0.0175673 -0.0119036 -0.0175673 -0.062876 -0.0175673 0.184287 -0.0642194 0.182966 -0.0110095 0.186995 0.186995 -0.0656819 -0.00776151 0.186995 0.186995 -0.0149825 -0.0175673 -0.0175673 -0.0175673 -0.0203897 0.018279 -0.0243278 0.179386 -0.0181621 -0.0656395 -0.0656819 -0.0110095 -0.0175673 -0.0175673 1 -0.0410205
0.992767 -0.0868691 -0.0258659 -0.0401052 0.273246 -0.0401052 -0.0868691 -0.0401052 -0.161129 0.585693 -0.161584 -0.0449809 -0.160224 -0.160224 0.388729 -0.0317107 -0.160224 -0.160224 -0.0612131 -0.0401052 -0.0401052 -0.0401052 -0.0557378 0.0472218 -0.0524064 -0.149036 -0.0435093 0.391498 0.388729 0.00463619 -0.0401052 -0.0401052 -0.0410205 1
