5.293455657492355
-2.5797487922705313
-0.13248532409294742
-0.5259799732977303
2.669219088937093
-0.5645592543275633
-2.5894299516908212
-0.585328
-1.7854585365853657
4.918136363636364
-2.047885167464115
-0.9879113924050632
-1.742947619047619
-1.7701435406698567
4.257033519553073
0.45492972459639125
-1.7959223300970875
-1.7866165048543687
0.9118423005565862
-0.4375407608695653
-0.5765499334221039
-0.5399826666666667
-1.3638795180722891
0.6694802065404476
1.0178023715415019
-1.7094039408866997
-1.559906103286385
4.234804469273743
4.258522471910112
2.5791617770326907
-0.632686327077748
-0.5459121171770972
-0.6268389423076923
5.5816
