Zscore
5.178642458100558
-2.015255959359125
-1.662642441860465
1.6310480349344978
-1.4925693215339233
-1.6677055393586007
7.5797159090909085
7.556818181818182
-1.6609122807017542
-0.39272484416740877
-1.6723654970760233
-1.3651
-1.5234911764705883
-1.6723654970760233
-6.346633165829145
-1.5438640226628897
-3.6787634408602155
8.27485380116959
-1.6150699708454812
7.64
-1.3658746867167921
-6.251055276381909
-1.3634937343358395
4.826017699115044
-1.3608471177944863
-0.5265875
-1.6169970760233916
-1.7477478005865104
0.7170503597122302
-4.613309608540925
-1.3526926952141058
-1.3474987405541563
-1.703076470588235
3.0613486590038312
-1.030386075949367
8.300176470588235
8.276529411764704
3.5553101851851845
6.900350877192983
6.860232558139535
5.244414772727272
4.803630952380952
7.679999999999999
-1.619463126843658
4.2196242774566475
1.5689006750241081
-0.800599695585997
-1.1367267759562842
-1.316792349726776
-0.7938748091603053
3.169238095238095
-1.8333088235294117
5.264373563218391
2.2561011904761905
-2.0316293103448277
-4.711385681293303
-6.342142857142857
-1.8309313725490195
4.195164835164835
2.208517857142857
-2.019543676662321
4.241813186813187
-3.477489795918367
4.175824175824175
4.284284023668639
2.2936706586826348
-1.870051470588235
2.2696107784431137
4.195592286501378
4.198429752066116
5.063508670520232
