1 0.801783 0.801783 0.05139 -0.349262 0.828623 0.828623 0.670954 0.126018 0.0889455 0.0593988 0.948761
0.801783 1 1 0.0836811 0.247447 0.663403 0.663403 0.878098 0.0845275 0.092461 0.0838084 0.822904
0.801783 1 1 0.0836811 0.247447 0.663403 0.663403 0.878098 0.0845275 0.092461 0.0838084 0.822904
0.05139 0.0836811 0.0836811 1 0.0455498 -0.199252 -0.199252 0.0792129 0.053701 -0.0296651 0.929047 0.0933705
-0.349262 0.247447 0.247447 0.0455498 1 -0.328676 -0.328676 0.290764 -0.0741025 -0.00168799 0.0328533 -0.277274
0.828623 0.663403 0.663403 -0.199252 -0.328676 1 1 0.755141 -0.0840013 0.0964668 -0.180456 0.794971
0.828623 0.663403 0.663403 -0.199252 -0.328676 1 1 0.755141 -0.0840013 0.0964668 -0.180456 0.794971
0.670954 0.878098 0.878098 0.0792129 0.290764 0.755141 0.755141 1 0.0896792 0.103059 0.074792 0.690869
0.126018 0.0845275 0.0845275 0.053701 -0.0741025 -0.0840013 -0.0840013 0.0896792 1 0.0573361 0.0613132 0.119826
0.0889455 0.092461 0.092461 -0.0296651 -0.00168799 0.0964668 0.0964668 0.103059 0.0573361 1 -0.0275603 0.0822946
0.0593988 0.0838084 0.0838084 0.929047 0.0328533 -0.180456 -0.180456 0.074792 0.0613132 -0.0275603 1 0.0879034
0.948761 0.822904 0.822904 0.0933705 -0.277274 0.794971 0.794971 0.690869 0.119826 0.0822946 0.0879034 1
