1 0.0368687 0.997805 0.995594 0.995594 0.221684 -0.167866 0.0342633 -0.427463 -0.167866 -0.10774 0.0368687 -0.445281 -0.039922 0.92978 -0.0444028 -0.0783174 -0.0948764 0.919388 -0.173992 -0.363231 -0.13112 0.914255 0.914255 -0.118209 0.153452 -0.00936312 -0.473322 0.914255
0.0368687 1 0.0366689 0.0370319 0.0370319 -0.0162324 -0.0209809 0.0126168 -0.0616464 -0.0209809 -0.0135804 -0.006 -0.066686 -0.006 0.0309506 -0.00920203 -0.006 -0.00920203 0.0303685 -0.0251811 -0.0563815 -0.0149225 0.0295383 0.0295383 -0.017766 -0.0104552 -0.0221432 -0.0722257 0.0295383
0.997805 0.0366689 1 0.997801 0.997801 0.221241 -0.168801 0.0347725 -0.42544 -0.168801 -0.108345 0.0366689 -0.443455 -0.040183 0.931703 -0.0447896 -0.078609 -0.0953035 0.92128 -0.175093 -0.365674 -0.131794 0.916111 0.916111 -0.118982 0.153175 -0.0102164 -0.472107 0.916111
0.995594 0.0370319 0.997801 1 1 0.222665 -0.168609 0.0344149 -0.424619 -0.168609 -0.108217 0.0370319 -0.442507 -0.0400987 0.933895 -0.0445993 -0.078664 -0.0952963 0.923457 -0.174762 -0.364838 -0.1317 0.918301 0.918301 -0.118732 0.154131 -0.00940455 -0.471051 0.918301
0.995594 0.0370319 0.997801 1 1 0.222665 -0.168609 0.0344149 -0.424619 -0.168609 -0.108217 0.0370319 -0.442507 -0.0400987 0.933895 -0.0445993 -0.078664 -0.0952963 0.923457 -0.174762 -0.364838 -0.1317 0.918301 0.918301 -0.118732 0.154131 -0.00940455 -0.471051 0.918301
0.221684 -0.0162324 0.221241 0.222665 0.222665 1 -0.0567617 0.0341334 -0.07959 -0.0567617 -0.0367403 -0.0162324 -0.093057 -0.0162324 0.22865 -0.0248951 -0.0162324 -0.0248951 0.227487 -0.0681249 -0.0738584 0.00867884 0.224456 0.224456 -0.048064 -0.0282855 -0.0254293 -0.115024 0.224456
-0.167866 -0.0209809 -0.168801 -0.168609 -0.168609 -0.0567617 1 0.0441187 -0.124621 1 -0.0474881 -0.0209809 0.22241 -0.0209809 -0.180354 0.0895174 0.25674 0.0895174 -0.172872 -0.0647427 0.0736643 -0.0138082 -0.163989 -0.163989 0.790664 -0.03656 -0.0774309 -0.147761 -0.163989
0.0342633 0.0126168 0.0347725 0.0344149 0.0344149 0.0341334 0.0441187 1 0.0496988 0.0441187 0.0285568 0.0126168 0.0601429 0.0126168 0.0436167 0.01935 0.0126168 0.01935 0.0633172 -0.0290008 0.0969207 0.031379 0.0463064 0.0463064 0.0373583 0.0219853 0.0465628 -0.17971 0.0463064
-0.427463 -0.0616464 -0.42544 -0.424619 -0.424619 -0.07959 -0.124621 0.0496988 1 -0.124621 0.21465 -0.0616464 0.839886 0.144251 -0.438466 -0.0404118 0.0207125 0.176122 -0.4328 -0.123918 -0.300018 -0.0338335 -0.437309 -0.437309 -0.101247 -0.0595833 -0.107529 0.810297 -0.437309
-0.167866 -0.0209809 -0.168801 -0.168609 -0.168609 -0.0567617 1 0.0441187 -0.124621 1 -0.0474881 -0.0209809 0.22241 -0.0209809 -0.180354 0.0895174 0.25674 0.0895174 -0.172872 -0.0647427 0.0736643 -0.0138082 -0.163989 -0.163989 0.790664 -0.03656 -0.0774309 -0.147761 -0.163989
-0.10774 -0.0135804 -0.108345 -0.108217 -0.108217 -0.0367403 -0.0474881 0.0285568 0.21465 -0.0474881 1 -0.0135804 0.203922 -0.0135804 -0.0989483 -0.0208278 -0.0135804 -0.0208278 -0.100745 -0.0569948 -0.0468719 -0.0337754 -0.101709 -0.101709 -0.0402114 -0.0236643 -0.00589116 0.163031 -0.101709
0.0368687 -0.006 0.0366689 0.0370319 0.0370319 -0.0162324 -0.0209809 0.0126168 -0.0616464 -0.0209809 -0.0135804 1 -0.0254276 -0.006 -0.0063831 -0.00920203 -0.006 -0.00920203 -0.00707111 -0.0251811 0.0328006 -0.0149225 -0.00769921 -0.00769921 -0.017766 -0.0104552 -0.0221432 -0.0722257 -0.00769921
-0.445281 -0.066686 -0.443455 -0.442507 -0.442507 -0.093057 0.22241 0.0601429 0.839886 0.22241 0.203922 -0.0254276 1 0.139606 -0.464447 0.00620008 -0.0254276 -0.0209185 -0.454784 -0.134421 -0.242599 -0.0290362 -0.455153 -0.455153 0.23691 -0.092238 -0.125897 0.677875 -0.455153
-0.039922 -0.006 -0.040183 -0.0400987 -0.0400987 -0.0162324 -0.0209809 0.0126168 0.144251 -0.0209809 -0.0135804 -0.006 0.139606 1 -0.0437168 -0.00920203 -0.006 -0.00920203 -0.0445108 -0.0251811 -0.0563815 -0.0149225 -0.0449367 -0.0449367 -0.017766 -0.0104552 -0.0221432 0.117584 -0.0449367
0.92978 0.0309506 0.931703 0.933895 0.933895 0.22865 -0.180354 0.0436167 -0.438466 -0.180354 -0.0989483 -0.0063831 -0.464447 -0.0437168 1 -0.0752269 -0.0810505 -0.0997659 0.985452 -0.18974 -0.394255 -0.139678 0.979423 0.979423 -0.129445 0.140673 0.244754 -0.506523 0.979423
-0.0444028 -0.00920203 -0.0447896 -0.0445993 -0.0445993 -0.0248951 0.0895174 0.01935 -0.0404118 0.0895174 -0.0208278 -0.00920203 0.00620008 -0.00920203 -0.0752269 1 -0.00920203 -0.0141129 -0.0764678 -0.0386196 0.148003 -0.0228862 -0.0770768 -0.0770768 0.0452678 -0.0160349 -0.0339605 -0.0359149 -0.0770768
-0.0783174 -0.006 -0.078609 -0.078664 -0.078664 -0.0162324 0.25674 0.0126168 0.0207125 0.25674 -0.0135804 -0.006 -0.0254276 -0.006 -0.0810505 -0.00920203 1 0.211209 -0.0819504 0.0592596 0.0773916 -0.0149225 -0.0821742 -0.0821742 -0.017766 -0.0104552 -0.0221432 0.04166 -0.0821742
-0.0948764 -0.00920203 -0.0953035 -0.0952963 -0.0952963 -0.0248951 0.0895174 0.01935 0.176122 0.0895174 -0.0208278 -0.00920203 -0.0209185 -0.00920203 -0.0997659 -0.0141129 0.211209 1 -0.101076 -0.0386196 -0.0571616 -0.0228862 -0.101553 -0.101553 0.0452678 -0.0160349 -0.0339605 0.1637 -0.101553
0.919388 0.0303685 0.92128 0.923457 0.923457 0.227487 -0.172872 0.0633172 -0.4328 -0.172872 -0.100745 -0.00707111 -0.454784 -0.0445108 0.985452 -0.0764678 -0.0819504 -0.101076 1 -0.202518 -0.391712 -0.14174 0.993816 0.993816 -0.131796 0.139905 0.242976 -0.524501 0.993816
-0.173992 -0.0251811 -0.175093 -0.174762 -0.174762 -0.0681249 -0.0647427 -0.0290008 -0.123918 -0.0647427 -0.0569948 -0.0251811 -0.134421 -0.0251811 -0.18974 -0.0386196 0.0592596 -0.0386196 -0.202518 1 -0.0794256 -0.0626275 -0.204221 -0.204221 -0.0745612 -0.043879 -0.0191244 0.346907 -0.204221
-0.363231 -0.0563815 -0.365674 -0.364838 -0.364838 -0.0738584 0.0736643 0.0969207 -0.300018 0.0736643 -0.0468719 0.0328006 -0.242599 -0.0563815 -0.394255 0.148003 0.0773916 -0.0571616 -0.391712 -0.0794256 1 0.284897 -0.390906 -0.390906 -0.0642524 -0.0464459 -0.117134 -0.340484 -0.390906
-0.13112 -0.0149225 -0.131794 -0.1317 -0.1317 0.00867884 -0.0138082 0.031379 -0.0338335 -0.0138082 -0.0337754 -0.0149225 -0.0290362 -0.0149225 -0.139678 -0.0228862 -0.0149225 -0.0228862 -0.14174 -0.0626275 0.284897 1 -0.142632 -0.142632 0.00154558 -0.026003 -0.0145731 -0.0694811 -0.142632
0.914255 0.0295383 0.916111 0.918301 0.918301 0.224456 -0.163989 0.0463064 -0.437309 -0.163989 -0.101709 -0.00769921 -0.455153 -0.0449367 0.979423 -0.0770768 -0.0821742 -0.101553 0.993816 -0.204221 -0.390906 -0.142632 1 1 -0.133057 0.137989 0.239206 -0.529689 1
0.914255 0.0295383 0.916111 0.918301 0.918301 0.224456 -0.163989 0.0463064 -0.437309 -0.163989 -0.101709 -0.00769921 -0.455153 -0.0449367 0.979423 -0.0770768 -0.0821742 -0.101553 0.993816 -0.204221 -0.390906 -0.142632 1 1 -0.133057 0.137989 0.239206 -0.529689 1
-0.118209 -0.017766 -0.118982 -0.118732 -0.118732 -0.048064 0.790664 0.0373583 -0.101247 0.790664 -0.0402114 -0.017766 0.23691 -0.017766 -0.129445 0.0452678 -0.017766 0.0452678 -0.131796 -0.0745612 -0.0642524 0.00154558 -0.133057 -0.133057 1 -0.0309579 -0.065566 -0.151413 -0.133057
0.153452 -0.0104552 0.153175 0.154131 0.154131 -0.0282855 -0.03656 0.0219853 -0.0595833 -0.03656 -0.0236643 -0.0104552 -0.092238 -0.0104552 0.140673 -0.0160349 -0.0104552 -0.0160349 0.139905 -0.043879 -0.0464459 -0.026003 0.137989 0.137989 -0.0309579 1 -0.0385854 -0.103806 0.137989
-0.00936312 -0.0221432 -0.0102164 -0.00940455 -0.00940455 -0.0254293 -0.0774309 0.0465628 -0.107529 -0.0774309 -0.00589116 -0.0221432 -0.125897 -0.0221432 0.244754 -0.0339605 -0.0221432 -0.0339605 0.242976 -0.0191244 -0.117134 -0.0145731 0.239206 0.239206 -0.065566 -0.0385854 1 -0.133826 0.239206
-0.473322 -0.0722257 -0.472107 -0.471051 -0.471051 -0.115024 -0.147761 -0.17971 0.810297 -0.147761 0.163031 -0.0722257 0.677875 0.117584 -0.506523 -0.0359149 0.04166 0.1637 -0.524501 0.346907 -0.340484 -0.0694811 -0.529689 -0.529689 -0.151413 -0.103806 -0.133826 1 -0.529689
0.914255 0.0295383 0.916111 0.918301 0.918301 0.224456 -0.163989 0.0463064 -0.437309 -0.163989 -0.101709 -0.00769921 -0.455153 -0.0449367 0.979423 -0.0770768 -0.0821742 -0.101553 0.993816 -0.204221 -0.390906 -0.142632 1 1 -0.133057 0.137989 0.239206 -0.529689 1
