Zscore
-5.902336956521739
1.8112774613506917
-5.841256830601093
-5.906994535519126
-5.923387978142076
-0.5138626543209878
1.0791158301158301
-1.442011049723757
4.388941176470588
1.1140986460348161
-2.1595959595959595
0.42571217215870877
4.656063348416289
0.2085457264957265
-6.183333333333334
1.0808718487394957
-1.205629742033384
-0.9691441658630665
-6.1609444444444446
0.17088359908883827
1.6757824074074072
0.7901685971685971
-6.277833333333334
-6.27060773480663
2.1430615640599
0.05065866666666667
-0.5661570247933885
4.284975
-6.255333333333334
