1 0.980547 0.113655 0.156411 0.127337 -0.0196196 -0.504466 -0.636351 0.969878 0.134045 0.969878 0.145108 0.969878 -0.0677416 -0.635491 0.0776027 0.73239 0.113154 0.127337 0.967644 0.967644 0.963327 0.100563 -0.324729 -0.425291 -0.243379 -0.63161 -0.324729 -0.191581 -0.188496 0.535861 0.0468327 -0.0761017 0.965557 -0.431974 -0.324729 0.965557 -0.334804 0.965557 -0.541073 0.965557
0.980547 1 0.115787 0.158937 0.112665 -0.0191369 -0.517642 -0.652204 0.989321 0.135992 0.989321 0.138676 0.989321 -0.0473506 -0.651375 0.0790195 0.741868 0.114633 0.112665 0.987153 0.987153 0.982901 0.102492 -0.349281 -0.441002 -0.241748 -0.657332 -0.349281 -0.190251 -0.186764 0.532459 0.0479802 -0.0756453 0.985064 -0.447641 -0.349281 0.985064 -0.342518 0.985064 -0.548698 0.985064
0.113655 0.115787 1 0.00906564 -0.0349189 0.157898 -0.0626805 -0.0929047 0.12798 -0.031379 0.12798 0.0100549 0.12798 -0.0301172 -0.0922756 -0.0244911 0.0930556 -0.0228862 -0.0349189 0.127811 0.127811 0.126921 -0.0337754 -0.0702691 -0.061143 -0.0158327 -0.0966944 -0.0702691 0.00336368 -0.0534882 0.05695 -0.0211672 -0.0162911 0.127091 -0.061831 -0.0702691 0.127091 -0.0668096 0.127091 -0.0611266 0.127091
0.156411 0.158937 0.00906564 1 -0.039677 -0.0138305 -0.0864619 -0.0864843 0.154745 0.0243263 0.154745 -0.0695151 0.154745 0.0281456 -0.0857635 -0.0278282 0.107423 -0.0260047 -0.039677 0.154581 0.154581 0.167648 -0.0383777 -0.0225931 -0.080864 -0.0278754 -0.0908217 -0.0225931 -0.00811883 -0.0607766 0.116671 -0.0240514 -0.0185109 0.167768 -0.0816205 -0.0225931 0.167768 -0.0144247 0.167768 -0.120589 0.167768
0.127337 0.112665 -0.0349189 -0.039677 1 -0.0114523 -0.0517179 -0.0614562 0.109312 -0.0295236 0.109312 -0.0198617 0.109312 -0.0283364 -0.0608562 -0.0230429 0.0975988 0.0751731 0.935447 0.109118 0.109118 0.10826 -0.0317783 0.0020322 -0.0277019 -0.0525495 -0.0456302 0.0020322 -0.0423178 -0.0503255 0.089965 -0.0199156 -0.0153278 0.108454 -0.0284152 0.0020322 0.108454 -0.0262641 0.108454 -0.0718334 0.108454
-0.0196196 -0.0191369 0.157898 -0.0138305 -0.0114523 1 -0.0407925 -0.0485645 -0.0199404 -0.0102913 -0.0199404 -0.0200647 -0.0199404 -0.00987748 -0.0483639 -0.00803227 -0.0479174 -0.00750593 -0.0114523 -0.0201872 -0.0201872 -0.0205966 -0.0110772 -0.023046 -0.0351753 -0.0183176 -0.0497777 -0.023046 -0.0147511 0.105011 -0.0827792 -0.00694214 -0.00534294 -0.0203476 -0.0353675 -0.023046 -0.0203476 -0.0219114 -0.0203476 0.0797932 -0.0203476
-0.504466 -0.517642 -0.0626805 -0.0864619 -0.0517179 -0.0407925 1 0.842913 -0.523839 -0.0810852 -0.523839 -0.0524711 -0.523839 0.199478 0.838818 -0.082078 0.0713417 -0.0766995 -0.0734871 -0.521716 -0.521716 -0.520854 -0.0907331 -0.120592 0.858499 0.441352 0.81521 -0.120592 0.384177 -0.119976 0.236255 0.0346297 -0.0220972 -0.522971 0.862053 -0.120592 -0.522971 -0.100493 -0.522971 -0.249529 -0.522971
-0.636351 -0.652204 -0.0929047 -0.0864843 -0.0614562 -0.0485645 0.842913 1 -0.659357 -0.0821382 -0.659357 -0.0963045 -0.659357 0.148469 0.99707 -0.0704097 -0.173986 -0.0913126 -0.0809225 -0.653572 -0.653572 -0.65428 -0.0945909 0.387504 0.720049 0.390296 0.970909 0.387504 0.298873 -0.147148 0.243679 0.0099468 -0.0359372 -0.660057 0.729857 0.387504 -0.660057 0.439705 -0.660057 -0.247125 -0.660057
0.969878 0.989321 0.12798 0.154745 0.109312 -0.0199404 -0.523839 -0.659357 1 0.132762 1 0.142893 1 -0.0493387 -0.658486 0.0766679 0.749469 0.11218 0.109312 0.997855 0.997855 0.993576 0.0992896 -0.352426 -0.446378 -0.244472 -0.664733 -0.352426 -0.192472 -0.189652 0.538141 0.0460748 -0.0764078 0.995716 -0.453021 -0.352426 0.995716 -0.345444 0.995716 -0.55452 0.995716
0.134045 0.135992 -0.031379 0.0243263 -0.0295236 -0.0102913 -0.0810852 -0.0821382 0.132762 1 0.132762 -0.0517261 0.132762 0.0566407 -0.0816075 -0.0207069 0.096454 -0.01935 -0.0295236 0.132694 0.132694 0.131989 -0.0285568 -0.0217269 -0.0636912 -0.0472223 -0.0853365 -0.0217269 -0.0380278 -0.0452237 0.0763179 -0.0178966 -0.0137739 0.132056 -0.0642463 -0.0217269 0.132056 -0.0160127 0.132056 -0.0794004 0.132056
0.969878 0.989321 0.12798 0.154745 0.109312 -0.0199404 -0.523839 -0.659357 1 0.132762 1 0.142893 1 -0.0493387 -0.658486 0.0766679 0.749469 0.11218 0.109312 0.997855 0.997855 0.993576 0.0992896 -0.352426 -0.446378 -0.244472 -0.664733 -0.352426 -0.192472 -0.189652 0.538141 0.0460748 -0.0764078 0.995716 -0.453021 -0.352426 0.995716 -0.345444 0.995716 -0.55452 0.995716
0.145108 0.138676 0.0100549 -0.0695151 -0.0198617 -0.0200647 -0.0524711 -0.0963045 0.142893 -0.0517261 0.142893 1 0.142893 -0.00629197 -0.0952496 -0.0403718 0.107636 -0.0377263 -0.0198617 0.142404 0.142404 0.140809 0.0221159 -0.0561367 -0.062786 0.00688544 -0.0799452 -0.0561367 -0.0143769 -0.0625059 0.0938782 0.0260483 0.0294283 0.141301 -0.0640041 -0.0561367 0.141301 -0.0887592 0.141301 -0.075672 0.141301
0.969878 0.989321 0.12798 0.154745 0.109312 -0.0199404 -0.523839 -0.659357 1 0.132762 1 0.142893 1 -0.0493387 -0.658486 0.0766679 0.749469 0.11218 0.109312 0.997855 0.997855 0.993576 0.0992896 -0.352426 -0.446378 -0.244472 -0.664733 -0.352426 -0.192472 -0.189652 0.538141 0.0460748 -0.0764078 0.995716 -0.453021 -0.352426 0.995716 -0.345444 0.995716 -0.55452 0.995716
-0.0677416 -0.0473506 -0.0301172 0.0281456 -0.0283364 -0.00987748 0.199478 0.148469 -0.0493387 0.0566407 -0.0493387 -0.00629197 -0.0493387 1 0.14905 -0.0198743 0.130964 -0.018572 -0.0283364 -0.0499493 -0.0499493 -0.0509623 -0.0274085 -0.0570229 0.249722 -0.0453235 0.145026 -0.0570229 -0.0364987 -0.0434053 0.0964217 0.102823 -0.0132201 -0.0503462 0.248502 -0.0570229 -0.0503462 -0.0542155 -0.0503462 -0.0990111 -0.0503462
-0.635491 -0.651375 -0.0922756 -0.0857635 -0.0608562 -0.0483639 0.838818 0.99707 -0.658486 -0.0816075 -0.658486 -0.0952496 -0.658486 0.14905 1 -0.0699974 -0.171449 -0.0909354 -0.0803287 -0.652687 -0.652687 -0.653372 -0.0940216 0.388873 0.722179 0.39141 0.973907 0.388873 0.299765 -0.14624500000000001 0.248233 0.0103254 -0.0647305 -0.659165 0.732 0.388873 -0.659165 0.441028 -0.659165 -0.251519 -0.659165
0.0776027 0.0790195 -0.0244911 -0.0278282 -0.0230429 -0.00803227 -0.082078 -0.0704097 0.0766679 -0.0207069 0.0766679 -0.0403718 0.0766679 -0.0198743 -0.0699974 1 0.0304067 -0.0151026 -0.0230429 0.076532 0.076532 0.0759304 -0.0222884 0.00142532 -0.0707757 -0.0368566 -0.0456343 0.00142532 -0.0296804 0.0879969 0.0171672 -0.0139682 -0.0107505 0.0760666 -0.0711623 0.00142532 0.0760666 0.00724587 0.0760666 -0.0202485 0.0760666
0.73239 0.741868 0.0930556 0.107423 0.0975988 -0.0479174 0.0713417 -0.173986 0.749469 0.096454 0.749469 0.107636 0.749469 0.130964 -0.171449 0.0304067 1 0.0724322 0.079517 0.749561 0.749561 0.746527 0.0535934 -0.457967 0.254487 -0.302929 -0.194663 -0.457967 -0.234392 -0.284427 0.742914 0.0920451 -0.118123 0.746427 0.250683 -0.457967 0.746427 -0.437268 0.746427 -0.769144 0.746427
0.113154 0.114633 -0.0228862 -0.0260047 0.0751731 -0.00750593 -0.0766995 -0.0913126 0.11218 -0.01935 0.11218 -0.0377263 0.11218 -0.018572 -0.0909354 -0.0151026 0.0724322 1 0.0751731 0.112179 0.112179 0.111693 -0.0208278 -0.0433319 -0.0661378 -0.0344415 -0.0935937 -0.0433319 -0.0277355 -0.0329838 0.0405689 -0.0130529 -0.010046 0.111694 -0.0664991 -0.0433319 0.111694 -0.0411985 0.111694 -0.0430576 0.111694
0.127337 0.112665 -0.0349189 -0.039677 0.935447 -0.0114523 -0.0734871 -0.0809225 0.109312 -0.0295236 0.109312 -0.0198617 0.109312 -0.0283364 -0.0803287 -0.0230429 0.079517 0.0751731 1 0.109118 0.109118 0.10826 -0.0317783 0.0020322 -0.0521048 -0.0525495 -0.0650645 0.0020322 -0.0423178 -0.00637806 0.0681356 -0.0199156 -0.0153278 0.108454 -0.0527641 0.0020322 0.108454 -0.0262641 0.108454 -0.0503517 0.108454
0.967644 0.987153 0.127811 0.154581 0.109118 -0.0201872 -0.521716 -0.653572 0.997855 0.132694 0.997855 0.142404 0.997855 -0.0499493 -0.652687 0.076532 0.749561 0.112179 0.109118 1 1 0.995689 0.0990823 -0.345767 -0.449389 -0.246077 -0.664066 -0.345767 -0.193751 -0.191052 0.541611 0.045895 -0.0768917 0.99353 -0.44976 -0.345767 0.99353 -0.338058 0.99353 -0.55809 0.99353
0.967644 0.987153 0.127811 0.154581 0.109118 -0.0201872 -0.521716 -0.653572 0.997855 0.132694 0.997855 0.142404 0.997855 -0.0499493 -0.652687 0.076532 0.749561 0.112179 0.109118 1 1 0.995689 0.0990823 -0.345767 -0.449389 -0.246077 -0.664066 -0.345767 -0.193751 -0.191052 0.541611 0.045895 -0.0768917 0.99353 -0.44976 -0.345767 0.99353 -0.338058 0.99353 -0.55809 0.99353
0.963327 0.982901 0.126921 0.167648 0.10826 -0.0205966 -0.520854 -0.65428 0.993576 0.131989 0.993576 0.140809 0.993576 -0.0509623 -0.653372 0.0759304 0.746527 0.111693 0.10826 0.995689 0.995689 1 0.0982404 -0.348565 -0.447185 -0.248247 -0.664915 -0.348565 -0.19549 -0.193045 0.546261 0.0453367 -0.0775342 0.997847 -0.447589 -0.348565 0.997847 -0.340736 0.997847 -0.562867 0.997847
0.100563 0.102492 -0.0337754 -0.0383777 -0.0317783 -0.0110772 -0.0907331 -0.0945909 0.0992896 -0.0285568 0.0992896 0.0221159 0.0992896 -0.0274085 -0.0940216 -0.0222884 0.0535934 -0.0208278 -0.0317783 0.0990823 0.0990823 0.0982404 1 -0.0287946 -0.0724288 -0.0508287 -0.0980233 -0.0287946 -0.040932 -0.0486775 0.0180446 -0.0192634 -0.0148259 0.0984484 -0.0730177 -0.0287946 0.0984484 -0.0230443 0.0984484 -0.0223838 0.0984484
-0.324729 -0.349281 -0.0702691 -0.0225931 0.0020322 -0.023046 -0.120592 0.387504 -0.352426 -0.0217269 -0.352426 -0.0561367 -0.352426 -0.0570229 0.388873 0.00142532 -0.457967 -0.0433319 0.0020322 -0.345767 -0.345767 -0.348565 -0.0287946 1 -0.112904 -0.0610307 0.45121 1 -0.0851582 -0.0780758 0.0636586 -0.0400771 -0.0308449 -0.35522 -0.10136 1 -0.35522 0.935885 -0.35522 0.0297781 -0.35522
-0.425291 -0.441002 -0.061143 -0.080864 -0.0277019 -0.0351753 0.858499 0.720049 -0.446378 -0.0636912 -0.446378 -0.062786 -0.446378 0.249722 0.722179 -0.0707757 0.254487 -0.0661378 -0.0521048 -0.449389 -0.449389 -0.447185 -0.0724288 -0.112904 1 -0.0493126 0.707475 -0.112904 -0.0332635 -0.104733 0.211339 0.0571705 -0.0470788 -0.444165 0.995409 -0.112904 -0.444165 -0.0962326 -0.444165 -0.222664 -0.444165
-0.243379 -0.241748 -0.0158327 -0.0278754 -0.0525495 -0.0183176 0.441352 0.390296 -0.244472 -0.0472223 -0.244472 0.00688544 -0.244472 -0.0453235 0.39141 -0.0368566 -0.302929 -0.0344415 -0.0525495 -0.246077 -0.246077 -0.248247 -0.0508287 -0.0610307 -0.0493126 1 0.383723 -0.0610307 0.805293 -0.0516564 0.107191 -0.0318545 -0.0245165 -0.246626 -0.0504424 -0.0610307 -0.246626 -0.0525148 -0.246626 -0.113134 -0.246626
-0.63161 -0.657332 -0.0966944 -0.0908217 -0.0456302 -0.0497777 0.81521 0.970909 -0.664733 -0.0853365 -0.664733 -0.0799452 -0.664733 0.145026 0.973907 -0.0456343 -0.194663 -0.0935937 -0.0650645 -0.664066 -0.664066 -0.664915 -0.0980233 0.45121 0.707475 0.383723 1 0.45121 0.293605 -0.152588 0.255901 0.00768206 -0.0666228 -0.665564 0.709874 0.45121 -0.665564 0.431886 -0.665564 -0.214409 -0.665564
-0.324729 -0.349281 -0.0702691 -0.0225931 0.0020322 -0.023046 -0.120592 0.387504 -0.352426 -0.0217269 -0.352426 -0.0561367 -0.352426 -0.0570229 0.388873 0.00142532 -0.457967 -0.0433319 0.0020322 -0.345767 -0.345767 -0.348565 -0.0287946 1 -0.112904 -0.0610307 0.45121 1 -0.0851582 -0.0780758 0.0636586 -0.0400771 -0.0308449 -0.35522 -0.10136 1 -0.35522 0.935885 -0.35522 0.0297781 -0.35522
-0.191581 -0.190251 0.00336368 -0.00811883 -0.0423178 -0.0147511 0.384177 0.298873 -0.192472 -0.0380278 -0.192472 -0.0143769 -0.192472 -0.0364987 0.299765 -0.0296804 -0.234392 -0.0277355 -0.0423178 -0.193751 -0.193751 -0.19549 -0.040932 -0.0851582 -0.0332635 0.805293 0.293605 -0.0851582 1 -0.029987 0.0747847 -0.0256522 -0.0197429 -0.194199 -0.0341876 -0.0851582 -0.194199 -0.0809657 -0.194199 -0.0797543 -0.194199
-0.188496 -0.186764 -0.0534882 -0.0607766 -0.0503255 0.105011 -0.119976 -0.147148 -0.189652 -0.0452237 -0.189652 -0.0625059 -0.189652 -0.0434053 -0.14624500000000001 0.0879969 -0.284427 -0.0329838 -0.00637806 -0.191052 -0.191052 -0.193045 -0.0486775 -0.0780758 -0.104733 -0.0516564 -0.152588 -0.0780758 -0.029987 1 -0.423208 -0.0305063 -0.0234789 -0.191632 -0.105688 -0.0780758 -0.191632 -0.071373 -0.191632 0.409139 -0.191632
0.535861 0.532459 0.05695 0.116671 0.089965 -0.0827792 0.236255 0.243679 0.538141 0.0763179 0.538141 0.0938782 0.538141 0.0964217 0.248233 0.0171672 0.742914 0.0405689 0.0681356 0.541611 0.541611 0.546261 0.0180446 0.0636586 0.211339 0.107191 0.255901 0.0636586 0.0747847 -0.423208 1 0.0677676 -0.175972 0.542757 0.213507 0.0636586 0.542757 0.0530183 0.542757 -0.967794 0.542757
0.0468327 0.0479802 -0.0211672 -0.0240514 -0.0199156 -0.00694214 0.0346297 0.0099468 0.0460748 -0.0178966 0.0460748 0.0260483 0.0460748 0.102823 0.0103254 -0.0139682 0.0920451 -0.0130529 -0.0199156 0.045895 0.045895 0.0453367 -0.0192634 -0.0400771 0.0571705 -0.0318545 0.00768206 -0.0400771 -0.0256522 -0.0305063 0.0677676 1 -0.00929141 0.0455175 0.0565745 -0.0400771 0.0455175 -0.0381041 0.0455175 -0.0695875 0.0455175
-0.0761017 -0.0756453 -0.0162911 -0.0185109 -0.0153278 -0.00534294 -0.0220972 -0.0359372 -0.0764078 -0.0137739 -0.0764078 0.0294283 -0.0764078 -0.0132201 -0.0647305 -0.0107505 -0.118123 -0.010046 -0.0153278 -0.0768917 -0.0768917 -0.0775342 -0.0148259 -0.0308449 -0.0470788 -0.0245165 -0.0666228 -0.0308449 -0.0197429 -0.0234789 -0.175972 -0.00929141 1 -0.0770456 -0.0473361 -0.0308449 -0.0770456 -0.0293263 -0.0770456 0.170937 -0.0770456
0.965557 0.985064 0.127091 0.167768 0.108454 -0.0203476 -0.522971 -0.660057 0.995716 0.132056 0.995716 0.141301 0.995716 -0.0503462 -0.659165 0.0760666 0.746427 0.111694 0.108454 0.99353 0.99353 0.997847 0.0984484 -0.35522 -0.444165 -0.246626 -0.665564 -0.35522 -0.194199 -0.191632 0.542757 0.0455175 -0.0770456 1 -0.450851 -0.35522 1 -0.348119 1 -0.559264 1
-0.431974 -0.447641 -0.061831 -0.0816205 -0.0284152 -0.0353675 0.862053 0.729857 -0.453021 -0.0642463 -0.453021 -0.0640041 -0.453021 0.248502 0.732 -0.0711623 0.250683 -0.0664991 -0.0527641 -0.44976 -0.44976 -0.447589 -0.0730177 -0.10136 0.995409 -0.0504424 0.709874 -0.10136 -0.0341876 -0.105688 0.213507 0.0565745 -0.0473361 -0.450851 1 -0.10136 -0.450851 -0.0836982 -0.450851 -0.224878 -0.450851
-0.324729 -0.349281 -0.0702691 -0.0225931 0.0020322 -0.023046 -0.120592 0.387504 -0.352426 -0.0217269 -0.352426 -0.0561367 -0.352426 -0.0570229 0.388873 0.00142532 -0.457967 -0.0433319 0.0020322 -0.345767 -0.345767 -0.348565 -0.0287946 1 -0.112904 -0.0610307 0.45121 1 -0.0851582 -0.0780758 0.0636586 -0.0400771 -0.0308449 -0.35522 -0.10136 1 -0.35522 0.935885 -0.35522 0.0297781 -0.35522
0.965557 0.985064 0.127091 0.167768 0.108454 -0.0203476 -0.522971 -0.660057 0.995716 0.132056 0.995716 0.141301 0.995716 -0.0503462 -0.659165 0.0760666 0.746427 0.111694 0.108454 0.99353 0.99353 0.997847 0.0984484 -0.35522 -0.444165 -0.246626 -0.665564 -0.35522 -0.194199 -0.191632 0.542757 0.0455175 -0.0770456 1 -0.450851 -0.35522 1 -0.348119 1 -0.559264 1
-0.334804 -0.342518 -0.0668096 -0.0144247 -0.0262641 -0.0219114 -0.100493 0.439705 -0.345444 -0.0160127 -0.345444 -0.0887592 -0.345444 -0.0542155 0.441028 0.00724587 -0.437268 -0.0411985 -0.0262641 -0.338058 -0.338058 -0.340736 -0.0230443 0.935885 -0.0962326 -0.0525148 0.431886 0.935885 -0.0809657 -0.071373 0.0530183 -0.0381041 -0.0293263 -0.348119 -0.0836982 0.935885 -0.348119 1 -0.348119 -0.0369695 -0.348119
0.965557 0.985064 0.127091 0.167768 0.108454 -0.0203476 -0.522971 -0.660057 0.995716 0.132056 0.995716 0.141301 0.995716 -0.0503462 -0.659165 0.0760666 0.746427 0.111694 0.108454 0.99353 0.99353 0.997847 0.0984484 -0.35522 -0.444165 -0.246626 -0.665564 -0.35522 -0.194199 -0.191632 0.542757 0.0455175 -0.0770456 1 -0.450851 -0.35522 1 -0.348119 1 -0.559264 1
-0.541073 -0.548698 -0.0611266 -0.120589 -0.0718334 0.0797932 -0.249529 -0.247125 -0.55452 -0.0794004 -0.55452 -0.075672 -0.55452 -0.0990111 -0.251519 -0.0202485 -0.769144 -0.0430576 -0.0503517 -0.55809 -0.55809 -0.562867 -0.0223838 0.0297781 -0.222664 -0.113134 -0.214409 0.0297781 -0.0797543 0.409139 -0.967794 -0.0695875 0.170937 -0.559264 -0.224878 0.0297781 -0.559264 -0.0369695 -0.559264 1 -0.559264
0.965557 0.985064 0.127091 0.167768 0.108454 -0.0203476 -0.522971 -0.660057 0.995716 0.132056 0.995716 0.141301 0.995716 -0.0503462 -0.659165 0.0760666 0.746427 0.111694 0.108454 0.99353 0.99353 0.997847 0.0984484 -0.35522 -0.444165 -0.246626 -0.665564 -0.35522 -0.194199 -0.191632 0.542757 0.0455175 -0.0770456 1 -0.450851 -0.35522 1 -0.348119 1 -0.559264 1
