Zscore
6.540344827586208
6.597758620689656
2.0415092165898616
-2.7402816901408453
-0.720327731092437
-0.9457090203685742
-2.317154185022026
-3.8157960199004974
6.587325581395349
-0.12888016112789527
6.61639534883721
-0.7738282608695652
6.587325581395349
-0.35587250554323724
-3.7759054726368158
1.604278752436647
6.808134715025907
0.13021705020920502
-0.745483793517407
6.506046511627908
6.668779069767441
6.523430232558139
2.980899653979239
-3.8520710059171606
-0.8126135458167331
-2.8932244008714596
-4.222040404040404
-3.855575221238938
-3.48516501650165
-2.0759893992932863
3.952562770562771
0.0200124395300622
0.019850712127751403
6.318092485549133
-1.0351098039215687
-3.8254437869822486
6.598720930232558
-3.058715083798883
6.627790697674419
-4.434298245614035
6.639709302325581
