Zscore
-11.75130177514793
12.933128491620112
0.6098371212121213
-0.4729269521410579
-11.674556213017754
0.6061098484848485
0.8629838249286395
-11.63881656804734
12.893743016759776
-11.61526627218935
-11.139694323144106
0.40805765306122455
3.708578088578088
-10.994782608695653
2.482833935018051
-0.199185546875
-1.3248383937316355
-3.6924322916666674
0.5759469696969697
0.8613544554455445
0.4695005102040817
-2.5173783783783783
-11.680414201183433
-11.174628820960699
-11.68639053254438
1.1379409448818898
1.5862797619047617
-2.502131274131274
-11.61170588235294
-3.7237500000000003
-4.909928057553957
3.9000681818181824
12.734237288135594
-1.4751667902149743
0.8712970297029702
-3.6405781250000007
0.7606288032454361
-15.506963470319635
-11.200917030567684
12.708033707865168
0.33283207261724657
1.0473914373088686
12.713426966292134
0.39875356953992597
-15.481605504587156
0.3160373406193078
-3.6250364583333337
0.5263674242424242
-1.3658575197889182
12.696797752808989
-2.470953667953668
0.3389762711864407
-15.519333333333334
-2.4673320463320465
12.831573033707866
1.122509881422925
0.45286513157894737
-16.66662100456621
-3.6073298429319376
-2.7411318482841662
1.2080390117035111
4.592790697674419
0.5150416666666667
-16.074722891566264
2.4212781278127813
1.0672450592885376
1.5561359999999997
-0.8834298440979956
-3.5496753926701574
1.3998571428571427
-0.9584996358339403
-0.615279843444227
1.0553517786561264
4.782673913043478
-4.098697674418604
