1 0.329566 -0.0394236 -0.0161873 -0.0220432 -0.0213828 -0.02176 -0.268606 -0.225528 0.0482457 0.329566 0.797526 0.543767 0.996911 0.543767 0.210566 -0.0105402 0.800363 0.542704 -0.270762 0.514997 0.210566 -0.282411 0.0967809 0.143691 -0.270762 -0.0530114 0.498406 0.993804
0.329566 1 -0.0107814 0.403273 0.0460954 -0.173254 0.0360462 0.338372 -0.594763 0.0355881 1 0.239794 0.554186 0.332135 0.554186 0.716618 0.0586941 0.236194 0.557199 0.340886 0.485485 0.716618 0.356524 7.02655e-4 0.0482523 0.340886 0.0617635 0.217566 0.335107
-0.0394236 -0.0107814 1 -0.0554154 -0.0192236 -0.0160349 -0.0120847 -0.0602626 0.00107022 -0.00602429 -0.0107814 -0.0425079 -0.0836512 -0.0398698 -0.0836512 -0.012361 -0.0148305 -0.0429704 -0.0841462 -0.0606881 -0.0729948 -0.012361 0.0833409 -0.0120847 -0.0135247 -0.0606881 -0.0104552 -0.00328167 -0.0394236
-0.0161873 0.403273 -0.0554154 1 -0.0653601 -0.081604 0.0173675 0.881142 -0.24456 -0.0399094 0.403273 -0.278354 0.753133 -0.0193122 0.753133 0.284909 -0.0451097 -0.281425 0.751807 0.878361 0.721975 0.284909 -0.450702 0.0823182 -0.060521899999999997 0.878361 -0.0318015 0.377729 -0.0212793
-0.0220432 0.0460954 -0.0192236 -0.0653601 1 -0.0169194 -0.0127514 -0.0685843 -0.00597092 -0.0063566 0.0460954 -0.0191788 -0.0773731 -0.0225275 -0.0773731 0.0516385 -0.0156485 -0.0197156 -0.077879 -0.0690334 -0.0883163 0.0516385 0.131951 -0.0127514 -0.0142708 -0.0690334 -0.0110319 -0.00817007 -0.0220432
-0.0213828 -0.173254 -0.0160349 -0.081604 -0.0169194 1 -0.0106362 -0.094725 -0.0202096 -0.0053022 -0.173254 -0.0297645 -0.0995836 -0.0217847 -0.0995836 -0.231093 -0.0130529 -0.0301861 -0.100058 -0.0951007 -0.0857801 -0.231093 -0.0577636 -0.0106362 -0.0119036 -0.0951007 -0.00920203 0.0083304 -0.0213828
-0.02176 0.0360462 -0.0120847 0.0173675 -0.0127514 -0.0106362 1 -7.02655e-4 -0.0439248 -0.00399602 0.0360462 -0.0483708 -0.0178265 -0.022059 -0.0178265 0.00632266 -0.00983733 -0.0486394 -0.0180985 -9.83747e-4 -0.0235671 0.00632266 0.0552816 0.243988 -0.00897119 -9.83747e-4 -0.00693514 0.0348139 -0.02176
-0.268606 0.338372 -0.0602626 0.881142 -0.0685843 -0.094725 -7.02655e-4 1 -0.208083 -0.0355881 0.338372 -0.252527 0.660181 -0.271217 0.660181 0.236557 -0.0586941 -0.255257 0.658981 0.997526 0.630357 0.236557 -0.40988 -0.0360462 -0.0482523 0.997526 -0.0209931 -0.0774913 -0.268606
-0.225528 -0.594763 0.00107022 -0.24456 -0.00597092 -0.0202096 -0.0439248 -0.208083 1 -0.0218967 -0.594763 -0.174604 -0.358626 -0.227093 -0.358626 0.134475 -0.0539047 -0.176247 -0.360506 -0.209629 -0.361525 0.134475 -0.179479 0.0565032 -0.0491586 -0.209629 -0.0380019 -0.121015 -0.225528
0.0482457 0.0355881 -0.00602429 -0.0399094 -0.0063566 -0.0053022 -0.00399602 -0.0355881 -0.0218967 1 0.0355881 0.0664008 0.00647406 0.0480559 0.00647406 0.0248695 -0.00490394 0.0660953 0.0063614 -0.0357292 0.00417999 0.0248695 0.0275581 -0.00399602 0.445428 -0.0357292 -0.00345719 -0.0158372 0.0482457
0.329566 1 -0.0107814 0.403273 0.0460954 -0.173254 0.0360462 0.338372 -0.594763 0.0355881 1 0.239794 0.554186 0.332135 0.554186 0.716618 0.0586941 0.236194 0.557199 0.340886 0.485485 0.716618 0.356524 7.02655e-4 0.0482523 0.340886 0.0617635 0.217566 0.335107
0.797526 0.239794 -0.0425079 -0.278354 -0.0191788 -0.0297645 -0.0483708 -0.252527 -0.174604 0.0664008 0.239794 1 0.405837 0.802194 0.405837 0.144092 -0.0222235 0.995929 0.404962 -0.254231 0.378658 0.144092 -0.214636 -0.0483708 0.189713 -0.254231 -0.0418484 -0.10775 0.804643
0.543767 0.554186 -0.0836512 0.753133 -0.0773731 -0.0995836 -0.0178265 0.660181 -0.358626 0.00647406 0.554186 0.405837 1 0.543901 1 0.371965 -0.0596913 0.405651 0.998118 0.656334 0.951422 0.371965 -0.575884 0.0438005 0.0697106 0.656334 -0.0598537 0.320136 0.543767
0.996911 0.332135 -0.0398698 -0.0193122 -0.0225275 -0.0217847 -0.022059 -0.271217 -0.227093 0.0480559 0.332135 0.802194 0.543901 1 0.543901 0.212375 -0.0109183 0.805005 0.54283 -0.273383 0.514971 0.212375 -0.280051 0.0964003 0.14324 -0.273383 -0.0532466 0.496818 0.996911
0.543767 0.554186 -0.0836512 0.753133 -0.0773731 -0.0995836 -0.0178265 0.660181 -0.358626 0.00647406 0.554186 0.405837 1 0.543901 1 0.371965 -0.0596913 0.405651 0.998118 0.656334 0.951422 0.371965 -0.575884 0.0438005 0.0697106 0.656334 -0.0598537 0.320136 0.543767
0.210566 0.716618 -0.012361 0.284909 0.0516385 -0.231093 0.00632266 0.236557 0.134475 0.0248695 0.716618 0.144092 0.371965 0.212375 0.371965 1 0.0255806 0.138229 0.374048 0.238313 0.284767 1 0.283748 0.0498884 0.0168274 0.238313 0.0431614 0.163187 0.217397
-0.0105402 0.0586941 -0.0148305 -0.0451097 -0.0156485 -0.0130529 -0.00983733 -0.0586941 -0.0539047 -0.00490394 0.0586941 -0.0222235 -0.0596913 -0.0109183 -0.0596913 0.0255806 1 -0.0226235 -0.0600816 -0.0590408 -0.0419924 0.0255806 0.124433 -0.00983733 -0.0110095 -0.0590408 -0.00851085 0.0154867 -0.0105402
0.800363 0.236194 -0.0429704 -0.281425 -0.0197156 -0.0301861 -0.0486394 -0.255257 -0.176247 0.0660953 0.236194 0.995929 0.405651 0.805005 0.405651 0.138229 -0.0226235 1 0.404768 -0.25697 0.378317 0.138229 -0.217962 -0.0486394 0.18895 -0.25697 -0.0420808 -0.108974 0.807467
0.542704 0.557199 -0.0841462 0.751807 -0.077879 -0.100058 -0.0180985 0.658981 -0.360506 0.0063614 0.557199 0.404962 0.998118 0.54283 0.998118 0.374048 -0.0600816 0.404768 1 0.659448 0.9531 0.374048 -0.575052 0.0436205 0.0695401 0.659448 -0.0601554 0.319642 0.542704
-0.270762 0.340886 -0.0606881 0.878361 -0.0690334 -0.0951007 -9.83747e-4 0.997526 -0.209629 -0.0357292 0.340886 -0.254231 0.656334 -0.273383 0.656334 0.238313 -0.0590408 -0.25697 0.659448 1 0.630669 0.238313 -0.407954 -0.0363284 -0.0485683 1 -0.0212369 -0.0786075 -0.270762
0.514997 0.485485 -0.0729948 0.721975 -0.0883163 -0.0857801 -0.0235671 0.630357 -0.361525 0.00417999 0.485485 0.378658 0.951422 0.514971 0.951422 0.284767 -0.0419924 0.378317 0.9531 0.630669 1 0.284767 -0.597201 0.0403372 0.0665993 0.630669 -0.0664621 0.311826 0.514997
0.210566 0.716618 -0.012361 0.284909 0.0516385 -0.231093 0.00632266 0.236557 0.134475 0.0248695 0.716618 0.144092 0.371965 0.212375 0.371965 1 0.0255806 0.138229 0.374048 0.238313 0.284767 1 0.283748 0.0498884 0.0168274 0.238313 0.0431614 0.163187 0.217397
-0.282411 0.356524 0.0833409 -0.450702 0.131951 -0.0577636 0.0552816 -0.40988 -0.179479 0.0275581 0.356524 -0.214636 -0.575884 -0.280051 -0.575884 0.283748 0.124433 -0.217962 -0.575052 -0.407954 -0.597201 0.283748 1 -0.0484745 -0.0310267 -0.407954 0.127619 -0.146426 -0.276989
0.0967809 7.02655e-4 -0.0120847 0.0823182 -0.0127514 -0.0106362 0.243988 -0.0360462 0.0565032 -0.00399602 7.02655e-4 -0.0483708 0.0438005 0.0964003 0.0438005 0.0498884 -0.00983733 -0.0486394 0.0436205 -0.0363284 0.0403372 0.0498884 -0.0484745 1 -0.00897119 -0.0363284 -0.00693514 0.234564 0.0967809
0.143691 0.0482523 -0.0135247 -0.060521899999999997 -0.0142708 -0.0119036 -0.00897119 -0.0482523 -0.0491586 0.445428 0.0482523 0.189713 0.0697106 0.14324 0.0697106 0.0168274 -0.0110095 0.18895 0.0695401 -0.0485683 0.0665993 0.0168274 -0.0310267 -0.00897119 1 -0.0485683 -0.00776151 -0.0355549 0.143691
-0.270762 0.340886 -0.0606881 0.878361 -0.0690334 -0.0951007 -9.83747e-4 0.997526 -0.209629 -0.0357292 0.340886 -0.254231 0.656334 -0.273383 0.656334 0.238313 -0.0590408 -0.25697 0.659448 1 0.630669 0.238313 -0.407954 -0.0363284 -0.0485683 1 -0.0212369 -0.0786075 -0.270762
-0.0530114 0.0617635 -0.0104552 -0.0318015 -0.0110319 -0.00920203 -0.00693514 -0.0209931 -0.0380019 -0.00345719 0.0617635 -0.0418484 -0.0598537 -0.0532466 -0.0598537 0.0431614 -0.00851085 -0.0420808 -0.0601554 -0.0212369 -0.0664621 0.0431614 0.127619 -0.00693514 -0.00776151 -0.0212369 1 -0.0274856 -0.0530114
0.498406 0.217566 -0.00328167 0.377729 -0.00817007 0.0083304 0.0348139 -0.0774913 -0.121015 -0.0158372 0.217566 -0.10775 0.320136 0.496818 0.320136 0.163187 0.0154867 -0.108974 0.319642 -0.0786075 0.311826 0.163187 -0.146426 0.234564 -0.0355549 -0.0786075 -0.0274856 1 0.498406
0.993804 0.335107 -0.0394236 -0.0212793 -0.0220432 -0.0213828 -0.02176 -0.268606 -0.225528 0.0482457 0.335107 0.804643 0.543767 0.996911 0.543767 0.217397 -0.0105402 0.807467 0.542704 -0.270762 0.514997 0.217397 -0.276989 0.0967809 0.143691 -0.270762 -0.0530114 0.498406 1
