Zscore
-11.139694323144106
0.40805765306122455
3.708578088578088
-10.994782608695653
2.482833935018051
-0.199185546875
-1.3248383937316355
-3.6924322916666674
0.5759469696969697
0.8613544554455445
0.4695005102040817
-2.5173783783783783
-11.680414201183433
-11.174628820960699
-11.68639053254438
1.1379409448818898
1.5862797619047617
-2.502131274131274
-11.61170588235294
-3.7237500000000003
-4.909928057553957
3.9000681818181824
12.734237288135594
-1.4751667902149743
0.8712970297029702
-3.6405781250000007
0.7606288032454361
-15.506963470319635
-11.200917030567684
